#Position (bp)	Coverage	Std
80556.0	38.8170784568704	4.720498167975929
241667.0	41.35920081077168	8.58943291365488
402778.0	41.10810091193503	12.379048686106598
563889.0	41.00051733057424	7.817557609337788
725000.0	42.93691275167785	7.738824150610249
886111.0	41.7344398340249	7.604788683400739
1047222.0	39.987848101265826	4.489212061500397
1208333.0	39.6532582461786	9.155790360373127
1369444.0	39.17386896464326	8.741760827059105
1530555.0	41.790200081665986	11.259800996070764
1691666.0	39.42705735660848	5.646906195220565
1852777.0	41.38787721123829	6.484389160996069
2013888.0	40.512729844413016	6.548084261954815
2174999.0	42.59250123334978	6.764364065561737
2336110.0	39.956345691509554	8.886092192690175
2497221.0	38.64023899804665	8.882733537908603
2658332.0	39.79862397459645	12.02922555199935
2819443.0	40.466007700706854	12.856328490888949
2980554.0	40.077203849131735	9.395536588009545
3141665.0	40.930667914688776	12.270190638925348
3302776.0	39.55806451612903	12.95462116515023
3463887.0	40.44233289646134	3.9811120305116794
3624998.0	40.24533884565499	14.778550845982373
3786109.0	41.105134596211364	13.826123902977445
3947220.0	41.32468735525706	8.339034945384716
4108331.0	40.568729641693814	5.685790050838385
4269442.0	39.5738555922605	4.584280638911174
4430553.0	0.0	0.0
4591664.0	0.0	0.0
4752775.0	41.741176470588236	8.480402028418169
4913886.0	36.971020092735706	6.649088877711919
5074997.0	40.59757442116869	6.1722069543229185
5236108.0	38.690888339357045	6.979942037087208
5397219.0	0.0	0.0
5558330.0	41.82159934047815	8.145701864404609
5719441.0	38.22222222222222	3.444649210468035
5880552.0	40.13934513086786	9.61485798648845
6041663.0	39.9446993900668	12.614966156483396
6202774.0	38.99387576552931	3.297709432306372
6363885.0	0.0	0.0
6524996.0	0.0	0.0
6686107.0	0.0	0.0
6847218.0	41.535	4.181912241067846
7008329.0	0.0	0.0
7169440.0	37.89054726368159	1.3393121738948046
7330551.0	0.0	0.0
7491662.0	0.0	0.0
7652773.0	0.0	0.0
7813884.0	35.60324171952079	3.383306120957806
7974995.0	38.93464877663773	7.759147002725555
8136106.0	39.8759521218716	3.0441975633856804
8297217.0	36.86245353159851	1.5113862748890783
8458328.0	0.0	0.0
8619439.0	39.86219292989814	5.821720914693134
8780550.0	40.39168134399133	8.73258847978716
8941661.0	42.380434782608695	6.480517539842951
9102772.0	0.0	0.0
9263883.0	43.23914893617021	3.713321200363895
9424994.0	38.95952565094096	10.424417644148933
9586105.0	38.0761306093941	7.190532458523069
9747216.0	0.0	0.0
9908327.0	0.0	0.0
1.0069438E7	39.00169450496248	6.226130129498242
1.0230549E7	39.93058568329718	4.827673838826821
1.039166E7	38.78898647044861	6.309685866388865
1.0552771E7	41.84877072612922	6.2350067818069785
1.0713882E7	39.58136226213765	10.436860438486868
1.0874993E7	0.0	0.0
1.1036104E7	0.0	0.0
1.1197215E7	0.0	0.0
1.1358326E7	0.0	0.0
1.1519437E7	0.0	0.0
1.1680548E7	44.10725075528701	2.878672022227181
1.1841659E7	39.22521339461589	3.8361249050045356
1.200277E7	37.382806163828064	3.31627481055004
1.2163881E7	0.0	0.0
1.2324992E7	0.0	0.0
1.2486103E7	0.0	0.0
1.2647214E7	0.0	0.0
1.2808325E7	0.0	0.0
1.2969436E7	40.99288762446657	2.736152028258553
1.3130547E7	39.74350808427241	6.332460931448234
1.3291658E7	41.02077687443541	5.943002336522762
1.3452769E7	37.3841961852861	3.6301782209687454
1.361388E7	41.21364061040175	5.898526513409062
1.3774991E7	40.17300248138958	9.984220781318566
1.3936102E7	41.13771089831281	8.347934482832395
1.4097213E7	40.99025974025974	1.810221605199925
1.4258324E7	36.600170140365805	4.469114158384948
1.4419435E7	47.36086956521739	1.792078010067641
1.4580546E7	0.0	0.0
1.4741657E7	49.05047318611987	2.1923235675927266
1.4902768E7	0.0	0.0
1.5063879E7	0.0	0.0
1.522499E7	35.45962732919255	1.5982025581024186
1.5386101E7	35.21645021645022	1.336154746692914
1.5547212E7	42.737226277372265	1.7668259328571299
1.5708323E7	0.0	0.0
1.5869434E7	40.71601941747573	4.196486429391596
1.6030545E7	43.37324310255075	4.770280751918389
1.6191656E7	0.0	0.0
1.6352767E7	39.808816183816184	8.929407237318244
1.6513878E7	39.67792915531335	6.055495803558685
1.6674989E7	38.46898976982097	5.4422783399902075
1.68361E7	0.0	0.0
1.6997211E7	0.0	0.0
1.7158322E7	38.95755968169761	1.8903421645014609
1.7319433E7	45.13121783876501	3.8801164269150736
1.7480544E7	42.471686836993875	8.688888762599005
1.7641655E7	39.690736342042754	10.082690618619278
1.7802766E7	43.71449704142012	2.840046025108047
1.7963877E7	40.76030927835052	8.535938380923737
1.8124988E7	40.61394957983193	7.859356329241443
1.8286099E7	36.870390753990094	5.601835744712049
1.844721E7	38.561373615571135	11.638352989629333
1.8608321E7	40.337546588883484	7.93010131198086
1.8769432E7	41.23365384615385	4.769252724359233
1.8930543E7	0.0	0.0
1.9091654E7	0.0	0.0
1.9252765E7	42.96125186289121	2.7920602695303756
1.9413876E7	35.700980392156865	1.2778032423092176
1.9574987E7	41.55084745762712	3.9540972756671167
1.9736098E7	39.20634348531267	7.286318738020463
1.9897209E7	39.95132457462847	6.781214314248647
2.005832E7	40.01186816939891	10.771918922132269
2.0219431E7	40.46626122212569	8.418180893910495
2.0380542E7	41.272774869109945	6.447903084722071
2.0541653E7	42.137625906052904	10.761957674100293
2.0702764E7	37.594494277760596	5.398768962279578
2.0863875E7	0.0	0.0
2.1024986E7	0.0	0.0
2.1186097E7	39.095748683220464	7.121194868327992
2.1347208E7	39.06032689450223	9.694063237447391
2.1508319E7	38.457835558678845	5.225125921725741
2.166943E7	39.12073213657163	5.2412569873486365
2.1830541E7	0.0	0.0
2.1991652E7	0.0	0.0
2.2152763E7	0.0	0.0
2.2313874E7	0.0	0.0
2.2474985E7	0.0	0.0
2.2636096E7	39.12278106508876	4.423356391894233
2.2797207E7	0.0	0.0
2.2958318E7	40.42136064374543	3.755587479130934
2.3119429E7	40.71876009041007	8.059524626861759
2.328054E7	31.19903691813804	2.01115219073513
2.3441651E7	40.58675893410452	9.871781673802507
2.3602762E7	40.89814502529511	5.576941016813299
2.3763873E7	40.091942820012996	5.620257730456542
2.3924984E7	39.391449814126396	5.161274878511849
2.4086095E7	0.0	0.0
2.4247206E7	0.0	0.0
2.4408317E7	39.1866964784796	4.169312966075248
2.4569428E7	40.40441988950276	4.338902675997337
2.4730539E7	39.3265625	2.512735466933573
2.489165E7	39.35662211421628	5.682297877134661
2.5052761E7	41.854115652665286	10.70416524082399
2.5213872E7	40.146326220873135	10.53752938522595
2.5374983E7	38.22688246323892	9.510961677993995
2.5536094E7	39.717043005715354	10.16194110784661
2.5697205E7	40.28188388901842	6.589180233523698
2.5858316E7	41.64251207729468	1.4948606749998448
2.6019427E7	0.0	0.0
2.6180538E7	0.0	0.0
2.6341649E7	0.0	0.0
2.650276E7	0.0	0.0
2.6663871E7	0.0	0.0
2.6824982E7	0.0	0.0
2.6986093E7	0.0	0.0
2.7147204E7	0.0	0.0
2.7308315E7	0.0	0.0
2.7469426E7	0.0	0.0
2.7630537E7	0.0	0.0
2.7791648E7	0.0	0.0
2.7952759E7	0.0	0.0
2.811387E7	0.0	0.0
2.8274981E7	0.0	0.0
2.8436092E7	0.0	0.0
2.8597203E7	0.0	0.0
2.8758314E7	0.0	0.0
2.8919425E7	0.0	0.0
2.9080536E7	0.0	0.0
2.9241647E7	0.0	0.0
2.9402758E7	0.0	0.0
2.9563869E7	0.0	0.0
2.972498E7	0.0	0.0
2.9886091E7	0.0	0.0
3.0047202E7	0.0	0.0
3.0208313E7	45.07173601147776	3.0186434624259855
3.0369424E7	43.403125	1.941553727200847
3.0530535E7	0.0	0.0
3.0691646E7	0.0	0.0
3.0852757E7	0.0	0.0
3.1013868E7	0.0	0.0
3.1174979E7	0.0	0.0
3.133609E7	40.55392840539284	6.642879627341191
3.1497201E7	40.05182605024277	9.63284756809605
3.1658312E7	40.625463888095915	6.028072794200516
3.1819423E7	39.46155692935598	12.193254174435038
3.1980534E7	40.62906407540002	11.593103699154389
3.2141645E7	40.41387723980176	11.2888867671115
3.2302756E7	39.62254190312789	8.660775071193699
3.2463867E7	39.06603773584906	10.564288529798027
3.2624978E7	46.08958837772397	6.696575699519666
3.2786089E7	40.01844553050607	10.988962260229707
3.29472E7	38.810176566818974	12.420033018369686
3.3108311E7	39.080149812734085	12.893215971708376
3.3269422E7	39.77501709596535	9.160459366362012
3.3430533E7	39.800277874261894	9.09029025876159
3.3591644E7	41.91415630924794	10.084560329203732
3.3752755E7	41.99761950104742	10.694113023272175
3.3913866E7	36.26692607003891	3.2616900250850303
3.4074977E7	40.97551899725813	7.329445419147023
3.4236088E7	42.41782675947409	7.625351146057206
3.4397199E7	37.31037924151697	7.2509348541652985
3.455831E7	40.87747035573123	9.763233859414134
3.4719421E7	40.89527110670958	10.976491634817553
3.4880532E7	40.476238564809314	12.625722441845816
3.5041643E7	40.57613943607571	13.862550448782427
3.5202754E7	40.48102295318995	10.554024870013137
3.5363865E7	41.672511022249566	10.18654971081441
3.5524976E7	39.921050058662495	13.522843963974669
3.5686087E7	40.6791296905266	14.440255192151628
3.5847198E7	42.904263718910386	7.659106352027118
3.6008309E7	40.69738118331717	9.075325865206299
3.616942E7	39.90024100533655	10.66356046871846
3.6330531E7	34.11413043478261	1.6376515316889397
3.6491642E7	39.54689544859677	8.188320574245761
3.6652753E7	40.85594926514999	10.082668457007463
3.6813864E7	38.868597644480964	11.487917790151503
3.6974975E7	40.057065217391305	9.483643230519876
3.7136086E7	40.316678297278436	11.810694525185424
3.7297197E7	37.94223902541483	6.55385961321323
3.7458308E7	40.50091877986034	7.473847869157607
3.7619419E7	41.721739130434784	1.5807550572075602
3.778053E7	41.16634178037687	6.974461227151598
3.7941641E7	39.37275877655567	8.052045481629623
3.8102752E7	40.97517558730927	9.160466819687075
3.8263863E7	40.201982651796776	10.778361054256267
3.8424974E7	40.87911911268285	8.10819711849173
3.8586085E7	39.599231988296964	12.167606770342834
3.8747196E7	41.25490896108533	7.680229342207968
3.8908307E7	41.27265926941778	9.127210712119629
3.9069418E7	39.55820399113082	7.256792758894636
3.9230529E7	0.0	0.0
3.939164E7	0.0	0.0
3.9552751E7	0.0	0.0
3.9713862E7	0.0	0.0
3.9874973E7	0.0	0.0
4.0036084E7	0.0	0.0
4.0197195E7	44.41293532338308	2.2396084965513454
4.0358306E7	0.0	0.0
4.0519417E7	0.0	0.0
4.0680528E7	40.930048661800484	5.940031306313178
4.0841639E7	0.0	0.0
4.100275E7	38.085590103644265	5.247280118699831
4.1163861E7	40.072913098092954	12.763217757174461
4.1324972E7	40.94695443645084	10.36608194049243
4.1486083E7	40.41312349282904	12.432021212069492
4.1647194E7	0.0	0.0
4.1808305E7	0.0	0.0
4.1969416E7	43.652027027027025	1.8768084653089092
4.2130527E7	39.1071675900277	7.436430655690751
4.2291638E7	39.59411239964317	4.741546560023593
4.2452749E7	40.58968058968059	2.9222886094777247
4.261386E7	34.378542510121456	1.9291453747623095
4.2774971E7	38.31604426002766	3.6894713771617598
4.2936082E7	41.94753577106518	2.6441039146053598
4.3097193E7	0.0	0.0
4.3258304E7	46.33793103448276	1.9712131544989908
4.3419415E7	39.77170633590345	5.502476701120979
4.3580526E7	41.25056740807989	12.551008326791091
4.3741637E7	39.95567567567568	7.509407589068543
4.3902748E7	34.572390572390574	2.5908593585050603
4.4063859E7	41.78600126876718	7.170385091107314
4.422497E7	39.54241645244216	8.06195441330104
4.4386081E7	39.70209743461185	10.78435099648229
4.4547192E7	39.97352410995944	9.278329222641295
4.4708303E7	40.13053645116919	8.570731367715487
4.4869414E7	40.2069308023397	9.46087680955884
4.5030525E7	38.98846452113222	9.810164406486447
4.5191636E7	39.815849813700204	8.310345694367562
4.5352747E7	40.04111311573998	13.039836206854966
4.5513858E7	40.64644497008488	8.593600700520206
4.5674969E7	39.310677808727945	7.194220417702524
4.583608E7	39.74784040872576	15.79192011615414
4.5997191E7	40.339681946908165	16.384235304478775
4.6158302E7	41.60709164385347	9.109869789361563
4.6319413E7	38.102778050456465	9.473574526512639
4.6480524E7	40.701134521880064	8.02755811378096
4.6641635E7	41.27946415847228	8.665241628101775
4.6802746E7	40.03363974183454	7.146519773830832
4.6963857E7	36.019753086419755	3.1617751448788765
4.7124968E7	39.91037320011754	5.857362376189121
4.7286079E7	39.04310618066561	9.354734169763029
4.744719E7	0.0	0.0
4.7608301E7	39.52275077559462	11.17067088973708
4.7769412E7	39.052700065061806	3.842586661618685
4.7930523E7	0.0	0.0
4.8091634E7	0.0	0.0
4.8252745E7	0.0	0.0
4.8413856E7	0.0	0.0
4.8574967E7	39.46068364045576	8.384139636480194
4.8736078E7	41.925187969924814	7.674862456523973
4.8897189E7	40.38103318250377	7.344089245929017
4.90583E7	39.08822311197018	13.612712828669675
4.9219411E7	39.99363057324841	12.565261606173811
4.9380522E7	39.37194570135747	4.667641787136261
4.9541633E7	41.22940074906367	6.753776905707701
4.9702744E7	39.38636363636363	5.5874457935841955
4.9863855E7	39.69367199474491	9.36709868387615
5.0024966E7	40.38680888114933	6.867299984399283
5.0186077E7	38.74612927009093	6.250469503378789
5.0347188E7	37.17728237791932	2.889274858066402
5.0508299E7	39.76017986510117	6.354710464786927
5.066941E7	39.33018986545957	8.80817279513192
5.0830521E7	40.670393215111794	8.979774155686417
5.0991632E7	40.50124550235262	8.633039322931886
5.1152743E7	0.0	0.0
5.1313854E7	39.96875	1.5947326104207498
5.1474965E7	41.25189825360668	7.5013117137847125
5.1636076E7	41.798356982823	9.23802536525221
5.1797187E7	40.38340851147284	7.19464013922849
5.1958298E7	0.0	0.0
5.2119409E7	37.99656301145663	7.403944373679911
5.228052E7	0.0	0.0
5.2441631E7	0.0	0.0
5.2602742E7	0.0	0.0
5.2763853E7	0.0	0.0
5.2924964E7	34.891666666666666	1.3507473855861913
5.3086075E7	0.0	0.0
5.3247186E7	37.721681922196794	5.615145438584293
5.3408297E7	46.08910891089109	1.6351481370641727
5.3569408E7	41.484219445032835	7.091080715427473
5.3730519E7	0.0	0.0
5.389163E7	38.89756097560976	3.993547377217805
5.4052741E7	37.851902639698324	5.161556878311801
5.4213852E7	38.30005055611729	8.536044544047902
5.4374963E7	0.0	0.0
5.4536074E7	42.422680412371136	5.237326208429971
5.4697185E7	46.561626429479034	3.269867306390508
5.4858296E7	0.0	0.0
5.5019407E7	0.0	0.0
5.5180518E7	0.0	0.0
5.5341629E7	0.0	0.0
5.550274E7	0.0	0.0
5.5663851E7	0.0	0.0
5.5824962E7	0.0	0.0
5.5986073E7	38.94278606965174	3.3862804807650955
5.6147184E7	0.0	0.0
5.6308295E7	40.176828178079745	7.500535119209924
5.6469406E7	40.565165970196325	11.128147190195769
5.6630517E7	40.2233414379993	5.441274039924916
5.6791628E7	0.0	0.0
5.6952739E7	0.0	0.0
5.711385E7	41.38466257668712	4.194196942680651
5.7274961E7	38.86806699615596	8.304877045363693
5.7436072E7	39.70157771064115	9.237677657651934
5.7597183E7	40.18157632191553	10.941719675760153
5.7758294E7	39.45175834084761	3.347473489434698
5.7919405E7	0.0	0.0
5.8080516E7	40.21004942339374	3.532263070306334
5.8241627E7	43.27230246389125	5.31318614911391
5.8402738E7	38.56055646481178	10.631205531360091
5.8563849E7	35.59640995946729	3.7525775125204905
5.872496E7	41.07259849490925	10.84071608275869
5.8886071E7	39.58189379398593	9.446295797733566
5.9047182E7	41.4293918037066	10.995495689095335
5.9208293E7	40.84400065477165	7.978651975801225
5.9369404E7	38.66808510638298	5.9799212173023895
5.9530515E7	43.188197767145134	2.7028442624668054
5.9691626E7	42.900907187718076	4.06333500793175
5.9852737E7	41.01031858635367	12.488495615276257
6.0013848E7	39.95255572464417	10.488973192524076
6.0174959E7	0.0	0.0
6.033607E7	0.0	0.0
6.0497181E7	0.0	0.0
6.0658292E7	0.0	0.0
6.0819403E7	0.0	0.0
6.0980514E7	0.0	0.0
6.1141625E7	0.0	0.0
6.1302736E7	41.57996485061511	2.5192137999696174
6.1463847E7	42.34108527131783	1.6998963233390827
6.1624958E7	37.140562248995984	1.4647066660234496
6.1786069E7	46.12533156498674	4.49117150607504
6.194718E7	40.9301221851964	10.10658143857134
6.2108291E7	41.196600665848955	10.876805099650616
6.2269402E7	40.32355082609913	17.513434069610735
6.2430513E7	39.89162828501761	11.911065903068252
6.2591624E7	41.00381679389313	7.614732272068021
6.2752735E7	39.73265751164024	12.439388962108191
6.2913846E7	39.64659022885297	13.863949136571383
6.3074957E7	35.70950323974082	2.7209757889289294
6.3236068E7	39.47691679844922	13.399552271161411
6.3397179E7	39.48683233361896	12.578140787167666
6.355829E7	40.944826758422025	15.22980831602292
6.3719401E7	39.89116315685889	14.913086000860384
6.3880512E7	39.568704396345574	12.131191150708721
6.4041623E7	39.490777550947314	15.533796620513419
6.4202734E7	41.2850700441374	10.469636940426502
6.43637285E7	0.0	0.0
