#Position (bp)	mapping quality
80556.0	41.975010745379485
241667.0	41.68525645240517
402778.0	41.863310847142785
563889.0	41.99354337141426
725000.0	41.611202685894
886111.0	41.99486083737037
1047222.0	41.995650663049695
1208333.0	41.999879612696844
1369444.0	41.999865764089975
1530555.0	39.2898210980876
1691666.0	35.77625635456506
1852777.0	28.928183802890114
2013888.0	42.0
2174999.0	41.980540780963324
2336110.0	41.99623377184097
2497221.0	41.830204446404636
2658332.0	41.870442417347256
2819443.0	41.978100074728154
2980554.0	41.997088775977495
3141665.0	41.993310902492766
3302776.0	41.97059359469906
3463887.0	42.0
3624998.0	41.98416591815794
3786109.0	41.91811380148891
3947220.0	41.99219504685666
4108331.0	41.99924108076295
4269442.0	42.0
4430553.0	0.0
4591664.0	0.0
4752775.0	41.99069618598262
4913886.0	41.77678490747899
5074997.0	41.99733001067996
5236108.0	42.0
5397219.0	0.0
5558330.0	41.99313309152866
5719441.0	42.0
5880552.0	42.0
6041663.0	41.995826666212736
6202774.0	42.0
6363885.0	0.0
6524996.0	0.0
6686107.0	0.0
6847218.0	42.0
7008329.0	0.0
7169440.0	41.97043805428648
7330551.0	0.0
7491662.0	0.0
7652773.0	0.0
7813884.0	42.0
7974995.0	42.0
8136106.0	41.99903294881536
8297217.0	42.0
8458328.0	0.0
8619439.0	41.995401459854016
8780550.0	41.99798649528148
8941661.0	42.0
9102772.0	0.0
9263883.0	42.0
9424994.0	41.98664485437787
9586105.0	41.638215614025235
9747216.0	0.0
9908327.0	0.0
1.0069438E7	42.0
1.0230549E7	42.0
1.039166E7	42.0
1.0552771E7	42.0
1.0713882E7	41.99981466772571
1.0874993E7	0.0
1.1036104E7	0.0
1.1197215E7	0.0
1.1358326E7	0.0
1.1519437E7	0.0
1.1680548E7	42.0
1.1841659E7	42.0
1.200277E7	42.0
1.2163881E7	0.0
1.2324992E7	0.0
1.2486103E7	0.0
1.2647214E7	0.0
1.2808325E7	0.0
1.2969436E7	42.0
1.3130547E7	41.99973300955445
1.3291658E7	42.0
1.3452769E7	42.0
1.361388E7	42.0
1.3774991E7	41.8406765637966
1.3936102E7	42.0
1.4097213E7	42.0
1.4258324E7	41.999575731862535
1.4419435E7	41.992785364596756
1.4580546E7	0.0
1.4741657E7	42.0
1.4902768E7	0.0
1.5063879E7	0.0
1.522499E7	42.0
1.5386101E7	42.0
1.5547212E7	42.0
1.5708323E7	0.0
1.5869434E7	41.99932125599961
1.6030545E7	41.9542693725485
1.6191656E7	0.0
1.6352767E7	41.99885890231503
1.6513878E7	42.0
1.6674989E7	41.986668686562645
1.68361E7	0.0
1.6997211E7	0.0
1.7158322E7	42.0
1.7319433E7	42.0
1.7480544E7	41.99383654669462
1.7641655E7	40.965171755725194
1.7802766E7	41.99843686032231
1.7963877E7	41.999872366144
1.8124988E7	41.992520071991116
1.8286099E7	41.99431654774784
1.844721E7	41.884941765909446
1.8608321E7	41.99597768154564
1.8769432E7	42.0
1.8930543E7	0.0
1.9091654E7	0.0
1.9252765E7	42.0
1.9413876E7	42.0
1.9574987E7	41.974156652671205
1.9736098E7	41.91577756295745
1.9897209E7	41.99671618451916
2.005832E7	41.998981453617205
2.0219431E7	41.99738072004519
2.0380542E7	42.0
2.0541653E7	41.99775510204081
2.0702764E7	41.91305734373609
2.0863875E7	0.0
2.1024986E7	0.0
2.1186097E7	41.994607260937954
2.1347208E7	41.98349803796744
2.1508319E7	42.0
2.166943E7	42.0
2.1830541E7	0.0
2.1991652E7	0.0
2.2152763E7	0.0
2.2313874E7	0.0
2.2474985E7	0.0
2.2636096E7	42.0
2.2797207E7	0.0
2.2958318E7	42.0
2.3119429E7	41.99982451082392
2.328054E7	41.933267909715404
2.3441651E7	41.98867980813766
2.3602762E7	41.25697771754295
2.3763873E7	26.622301920470697
2.3924984E7	41.959386290146696
2.4086095E7	0.0
2.4247206E7	0.0
2.4408317E7	42.0
2.4569428E7	42.0
2.4730539E7	42.0
2.489165E7	41.93850484195425
2.5052761E7	42.0
2.5213872E7	41.943902338414716
2.5374983E7	41.967569525573275
2.5536094E7	41.84670622562971
2.5697205E7	39.08025215114493
2.5858316E7	26.60630092341119
2.6019427E7	0.0
2.6180538E7	0.0
2.6341649E7	0.0
2.650276E7	0.0
2.6663871E7	0.0
2.6824982E7	0.0
2.6986093E7	0.0
2.7147204E7	0.0
2.7308315E7	0.0
2.7469426E7	0.0
2.7630537E7	0.0
2.7791648E7	0.0
2.7952759E7	0.0
2.811387E7	0.0
2.8274981E7	0.0
2.8436092E7	0.0
2.8597203E7	0.0
2.8758314E7	0.0
2.8919425E7	0.0
2.9080536E7	0.0
2.9241647E7	0.0
2.9402758E7	0.0
2.9563869E7	0.0
2.972498E7	0.0
2.9886091E7	0.0
3.0047202E7	0.0
3.0208313E7	42.0
3.0369424E7	42.0
3.0530535E7	0.0
3.0691646E7	0.0
3.0852757E7	0.0
3.1013868E7	0.0
3.1174979E7	0.0
3.133609E7	42.0
3.1497201E7	41.999522504567345
3.1658312E7	42.0
3.1819423E7	41.996844902025906
3.1980534E7	41.96652407365977
3.2141645E7	41.999837509091755
3.2302756E7	42.0
3.2463867E7	41.99991463084957
3.2624978E7	41.99969357156928
3.2786089E7	41.98731111493346
3.29472E7	41.993605241027204
3.3108311E7	41.963522573704026
3.3269422E7	41.422559023131335
3.3430533E7	42.0
3.3591644E7	41.999889239922155
3.3752755E7	41.98848112599039
3.3913866E7	42.0
3.4074977E7	41.99979855535411
3.4236088E7	42.0
3.4397199E7	41.99662814455626
3.455831E7	41.99481289366432
3.4719421E7	41.988121677520276
3.4880532E7	41.99149529493102
3.5041643E7	41.99541725164541
3.5202754E7	41.986727136182324
3.5363865E7	41.918765823934876
3.5524976E7	41.996424726219395
3.5686087E7	41.98898199515641
3.5847198E7	42.0
3.6008309E7	41.9958769464862
3.616942E7	41.9464330577068
3.6330531E7	42.0
3.6491642E7	42.0
3.6652753E7	41.99370527690279
3.6813864E7	41.99992782711501
3.6974975E7	41.99798243975341
3.7136086E7	41.952795061486455
3.7297197E7	41.99977540227058
3.7458308E7	41.99048856718323
3.7619419E7	42.0
3.778053E7	41.96811245241272
3.7941641E7	42.0
3.8102752E7	42.0
3.8263863E7	41.9979918118519
3.8424974E7	42.0
3.8586085E7	41.98665731848695
3.8747196E7	41.99262174126906
3.8908307E7	41.829487789282034
3.9069418E7	41.995440956313686
3.9230529E7	0.0
3.939164E7	0.0
3.9552751E7	0.0
3.9713862E7	0.0
3.9874973E7	0.0
4.0036084E7	0.0
4.0197195E7	42.0
4.0358306E7	0.0
4.0519417E7	0.0
4.0680528E7	41.99472316233343
4.0841639E7	0.0
4.100275E7	42.0
4.1163861E7	41.983750718520234
4.1324972E7	41.9997570468328
4.1486083E7	41.999803805854995
4.1647194E7	0.0
4.1808305E7	0.0
4.1969416E7	42.0
4.2130527E7	42.0
4.2291638E7	41.99942956811724
4.2452749E7	42.0
4.261386E7	42.0
4.2774971E7	42.0
4.2936082E7	42.0
4.3097193E7	0.0
4.3258304E7	42.0
4.3419415E7	41.99927809003248
4.3580526E7	41.9998664491696
4.3741637E7	41.99980731646894
4.3902748E7	42.0
4.4063859E7	41.99978222657769
4.422497E7	42.0
4.4386081E7	41.99982025434011
4.4547192E7	42.0
4.4708303E7	41.983325948396335
4.4869414E7	42.0
4.5030525E7	41.87391287680948
4.5191636E7	38.78215280703183
4.5352747E7	41.99746090086367
4.5513858E7	42.0
4.5674969E7	41.24262324577186
4.583608E7	41.97876695330679
4.5997191E7	41.99869587391585
4.6158302E7	41.999866896112415
4.6319413E7	41.98013962416989
4.6480524E7	42.0
4.6641635E7	41.7319282755498
4.6802746E7	41.75352302845427
4.6963857E7	42.0
4.7124968E7	41.97261271760507
4.7286079E7	42.0
4.744719E7	0.0
4.7608301E7	41.64270693120918
4.7769412E7	41.996855495735865
4.7930523E7	0.0
4.8091634E7	0.0
4.8252745E7	0.0
4.8413856E7	0.0
4.8574967E7	42.0
4.8736078E7	41.99939859672569
4.8897189E7	41.995913877102
4.90583E7	41.99478208910978
4.9219411E7	41.965561052394875
4.9380522E7	42.0
4.9541633E7	41.79961037864441
4.9702744E7	42.0
4.9863855E7	41.98630598392395
5.0024966E7	41.60405943145057
5.0186077E7	41.99013676280645
5.0347188E7	41.9807666406271
5.0508299E7	41.99948129256951
5.066941E7	41.680558959008636
5.0830521E7	41.996300909674254
5.0991632E7	41.99738276554441
5.1152743E7	0.0
5.1313854E7	42.0
5.1474965E7	42.0
5.1636076E7	41.99962262681686
5.1797187E7	42.0
5.1958298E7	0.0
5.2119409E7	41.98355864899835
5.228052E7	0.0
5.2441631E7	0.0
5.2602742E7	0.0
5.2763853E7	0.0
5.2924964E7	42.0
5.3086075E7	0.0
5.3247186E7	42.0
5.3408297E7	42.0
5.3569408E7	41.99976789809621
5.3730519E7	0.0
5.389163E7	41.80504693259316
5.4052741E7	41.99202217673699
5.4213852E7	42.0
5.4374963E7	0.0
5.4536074E7	42.0
5.4697185E7	41.8544106167057
5.4858296E7	0.0
5.5019407E7	0.0
5.5180518E7	0.0
5.5341629E7	0.0
5.550274E7	0.0
5.5663851E7	0.0
5.5824962E7	0.0
5.5986073E7	42.0
5.6147184E7	0.0
5.6308295E7	41.99961910635095
5.6469406E7	40.099953742733504
5.6630517E7	41.999642945192086
5.6791628E7	0.0
5.6952739E7	0.0
5.711385E7	42.0
5.7274961E7	41.99295599362804
5.7436072E7	41.97059883492639
5.7597183E7	41.998495448415376
5.7758294E7	42.0
5.7919405E7	0.0
5.8080516E7	42.0
5.8241627E7	42.0
5.8402738E7	41.98580181899647
5.8563849E7	41.99939999142845
5.872496E7	41.929708934088
5.8886071E7	41.99965167276239
5.9047182E7	41.99416315564775
5.9208293E7	41.999821891260375
5.9369404E7	41.99971639634286
5.9530515E7	41.99841029523088
5.9691626E7	42.0
5.9852737E7	41.99986186709641
6.0013848E7	41.9842082752538
6.0174959E7	0.0
6.033607E7	0.0
6.0497181E7	0.0
6.0658292E7	0.0
6.0819403E7	0.0
6.0980514E7	0.0
6.1141625E7	0.0
6.1302736E7	41.81983345950038
6.1463847E7	42.0
6.1624958E7	42.0
6.1786069E7	42.0
6.194718E7	41.91210302638751
6.2108291E7	41.57591114571843
6.2269402E7	41.813389225361355
6.2430513E7	41.96871368627622
6.2591624E7	41.99980830583435
6.2752735E7	41.02186324821234
6.2913846E7	41.802570325349265
6.3074957E7	42.0
6.3236068E7	41.85832329014764
6.3397179E7	41.57989383275677
6.355829E7	41.6375962888372
6.3719401E7	41.754041251924875
6.3880512E7	40.55133464780647
6.4041623E7	41.47431502091529
6.4202734E7	41.84740404818269
6.43637285E7	0.0
