#Position (bp)	mapping quality
80556.0	41.98300636723455
241667.0	41.89448230539933
402778.0	41.9945178658835
563889.0	41.9942882810858
725000.0	41.78395025286814
886111.0	41.99100135731093
1047222.0	42.0
1208333.0	41.99951841627753
1369444.0	42.0
1530555.0	39.024800975007615
1691666.0	35.99493834593172
1852777.0	30.51184498782164
2013888.0	42.0
2174999.0	41.981857773906555
2336110.0	41.99616016383301
2497221.0	41.79421079356507
2658332.0	41.86245687045754
2819443.0	41.99472187925051
2980554.0	41.995357597470296
3141665.0	41.996623560679126
3302776.0	41.985995143164324
3463887.0	42.0
3624998.0	41.98841707604414
3786109.0	41.927470935011264
3947220.0	41.98918731046283
4108331.0	42.0
4269442.0	41.999516930437984
4430553.0	0.0
4591664.0	0.0
4752775.0	41.98470635749175
4913886.0	41.78158702816057
5074997.0	41.99816152708157
5236108.0	42.0
5397219.0	0.0
5558330.0	41.99264089310522
5719441.0	42.0
5880552.0	41.99729989290078
6041663.0	41.99749838019391
6202774.0	42.0
6363885.0	0.0
6524996.0	0.0
6686107.0	0.0
6847218.0	42.0
7008329.0	0.0
7169440.0	41.96409590173615
7330551.0	0.0
7491662.0	0.0
7652773.0	0.0
7813884.0	41.99926872584184
7974995.0	41.99761146496815
8136106.0	42.0
8297217.0	42.0
8458328.0	0.0
8619439.0	41.99362237519524
8780550.0	41.97766496793045
8941661.0	41.99970950338913
9102772.0	0.0
9263883.0	42.0
9424994.0	41.9874195558315
9586105.0	41.66084141229022
9747216.0	0.0
9908327.0	0.0
1.0069438E7	41.999745898068824
1.0230549E7	42.0
1.039166E7	41.99460375227458
1.0552771E7	41.99969802855787
1.0713882E7	42.0
1.0874993E7	0.0
1.1036104E7	0.0
1.1197215E7	0.0
1.1358326E7	0.0
1.1519437E7	0.0
1.1680548E7	42.0
1.1841659E7	42.0
1.200277E7	42.0
1.2163881E7	0.0
1.2324992E7	0.0
1.2486103E7	0.0
1.2647214E7	0.0
1.2808325E7	0.0
1.2969436E7	42.0
1.3130547E7	42.0
1.3291658E7	41.99603478311575
1.3452769E7	42.0
1.361388E7	41.99967853288532
1.3774991E7	41.85617424475481
1.3936102E7	42.0
1.4097213E7	42.0
1.4258324E7	42.0
1.4419435E7	42.0
1.4580546E7	0.0
1.4741657E7	42.0
1.4902768E7	0.0
1.5063879E7	0.0
1.522499E7	42.0
1.5386101E7	42.0
1.5547212E7	42.0
1.5708323E7	0.0
1.5869434E7	41.99931553730322
1.6030545E7	41.96434776841966
1.6191656E7	0.0
1.6352767E7	41.99733829059107
1.6513878E7	41.99972449441445
1.6674989E7	41.9955516355409
1.68361E7	0.0
1.6997211E7	0.0
1.7158322E7	42.0
1.7319433E7	42.0
1.7480544E7	41.998928858983206
1.7641655E7	40.74740763723484
1.7802766E7	42.0
1.7963877E7	41.96084536277007
1.8124988E7	41.99656828232834
1.8286099E7	41.99008848580224
1.844721E7	41.859255074073296
1.8608321E7	41.93891746673053
1.8769432E7	42.0
1.8930543E7	0.0
1.9091654E7	0.0
1.9252765E7	42.0
1.9413876E7	42.0
1.9574987E7	41.984383714445066
1.9736098E7	41.823132784808976
1.9897209E7	42.0
2.005832E7	41.99568549483051
2.0219431E7	41.99702104184727
2.0380542E7	42.0
2.0541653E7	41.99990030383593
2.0702764E7	42.0
2.0863875E7	0.0
2.1024986E7	0.0
2.1186097E7	41.99469995718503
2.1347208E7	41.982983180820995
2.1508319E7	41.98901146818994
2.166943E7	42.0
2.1830541E7	0.0
2.1991652E7	0.0
2.2152763E7	0.0
2.2313874E7	0.0
2.2474985E7	0.0
2.2636096E7	42.0
2.2797207E7	0.0
2.2958318E7	42.0
2.3119429E7	41.999826849107244
2.328054E7	42.0
2.3441651E7	41.97982223616314
2.3602762E7	41.37544913167876
2.3763873E7	27.537905099523343
2.3924984E7	41.973838359851186
2.4086095E7	0.0
2.4247206E7	0.0
2.4408317E7	42.0
2.4569428E7	42.0
2.4730539E7	42.0
2.489165E7	41.94738419451019
2.5052761E7	42.0
2.5213872E7	41.92239378477021
2.5374983E7	41.973844100869584
2.5536094E7	41.90182961600736
2.5697205E7	39.380883209079656
2.5858316E7	24.344863513231925
2.6019427E7	0.0
2.6180538E7	0.0
2.6341649E7	0.0
2.650276E7	0.0
2.6663871E7	0.0
2.6824982E7	0.0
2.6986093E7	0.0
2.7147204E7	0.0
2.7308315E7	0.0
2.7469426E7	0.0
2.7630537E7	0.0
2.7791648E7	0.0
2.7952759E7	0.0
2.811387E7	0.0
2.8274981E7	0.0
2.8436092E7	0.0
2.8597203E7	0.0
2.8758314E7	0.0
2.8919425E7	0.0
2.9080536E7	0.0
2.9241647E7	0.0
2.9402758E7	0.0
2.9563869E7	0.0
2.972498E7	0.0
2.9886091E7	0.0
3.0047202E7	0.0
3.0208313E7	42.0
3.0369424E7	42.0
3.0530535E7	0.0
3.0691646E7	0.0
3.0852757E7	0.0
3.1013868E7	0.0
3.1174979E7	0.0
3.133609E7	42.0
3.1497201E7	41.99736740895623
3.1658312E7	42.0
3.1819423E7	41.99340156489107
3.1980534E7	41.95222836134975
3.2141645E7	41.99983859810929
3.2302756E7	41.99985929742514
3.2463867E7	41.99991709369991
3.2624978E7	41.98748286816608
3.2786089E7	41.98333410849108
3.29472E7	41.99511844697717
3.3108311E7	41.971551200192124
3.3269422E7	41.706012785893705
3.3430533E7	41.999881145082234
3.3591644E7	41.99894214806785
3.3752755E7	41.976138444273815
3.3913866E7	42.0
3.4074977E7	42.0
3.4236088E7	42.0
3.4397199E7	41.997660969027116
3.455831E7	41.993429521046664
3.4719421E7	41.989394719628116
3.4880532E7	41.98802821058026
3.5041643E7	41.99347462407374
3.5202754E7	41.985309184046834
3.5363865E7	41.82901427586689
3.5524976E7	41.995140392843396
3.5686087E7	41.997889133526535
3.5847198E7	41.996238600122396
3.6008309E7	41.991705764075064
3.616942E7	41.93360611181108
3.6330531E7	42.0
3.6491642E7	42.0
3.6652753E7	41.99423381065408
3.6813864E7	41.99916403541934
3.6974975E7	41.96959827129996
3.7136086E7	41.85835879642067
3.7297197E7	41.999554260789274
3.7458308E7	41.98735558550001
3.7619419E7	42.0
3.778053E7	41.96644083032311
3.7941641E7	42.0
3.8102752E7	41.99961678132813
3.8263863E7	41.99829205807003
3.8424974E7	42.0
3.8586085E7	41.99993549229363
3.8747196E7	41.99515032288414
3.8908307E7	41.820033961108656
3.9069418E7	41.99585590757418
3.9230529E7	0.0
3.939164E7	0.0
3.9552751E7	0.0
3.9713862E7	0.0
3.9874973E7	0.0
4.0036084E7	0.0
4.0197195E7	42.0
4.0358306E7	0.0
4.0519417E7	0.0
4.0680528E7	41.99538566332921
4.0841639E7	0.0
4.100275E7	42.0
4.1163861E7	41.978822162946564
4.1324972E7	41.999957351125815
4.1486083E7	42.0
4.1647194E7	0.0
4.1808305E7	0.0
4.1969416E7	42.0
4.2130527E7	41.999647977336444
4.2291638E7	41.999650166171065
4.2452749E7	42.0
4.261386E7	42.0
4.2774971E7	41.99927464898192
4.2936082E7	42.0
4.3097193E7	0.0
4.3258304E7	42.0
4.3419415E7	42.0
4.3580526E7	41.99748845433877
4.3741637E7	41.9998116059694
4.3902748E7	42.0
4.4063859E7	41.99978400950358
4.422497E7	41.99984487362741
4.4386081E7	41.99980804090474
4.4547192E7	41.9998792836346
4.4708303E7	41.9971085133628
4.4869414E7	42.0
4.5030525E7	41.897398387028275
4.5191636E7	38.5966368297558
4.5352747E7	41.99272567199494
4.5513858E7	41.97620352466334
4.5674969E7	41.203378801869775
4.583608E7	41.96634642092843
4.5997191E7	41.984809486379916
4.6158302E7	42.0
4.6319413E7	41.9948736482695
4.6480524E7	42.0
4.6641635E7	41.975651093158575
4.6802746E7	41.91321524702614
4.6963857E7	42.0
4.7124968E7	41.99478621368092
4.7286079E7	41.99808246475791
4.744719E7	0.0
4.7608301E7	41.64361890292719
4.7769412E7	41.99531782648577
4.7930523E7	0.0
4.8091634E7	0.0
4.8252745E7	0.0
4.8413856E7	0.0
4.8574967E7	41.99971403768575
4.8736078E7	42.0
4.8897189E7	41.975590254482626
4.90583E7	41.9955851802528
4.9219411E7	41.917828422482174
4.9380522E7	42.0
4.9541633E7	41.67341687660142
4.9702744E7	41.99396092653828
4.9863855E7	41.98383185125303
5.0024966E7	41.52116291082844
5.0186077E7	42.0
5.0347188E7	41.97710604558969
5.0508299E7	42.0
5.066941E7	41.89992956517403
5.0830521E7	41.998101590724914
5.0991632E7	41.99894023884277
5.1152743E7	0.0
5.1313854E7	42.0
5.1474965E7	42.0
5.1636076E7	41.9884334758764
5.1797187E7	42.0
5.1958298E7	0.0
5.2119409E7	41.98833438552601
5.228052E7	0.0
5.2441631E7	0.0
5.2602742E7	0.0
5.2763853E7	0.0
5.2924964E7	42.0
5.3086075E7	0.0
5.3247186E7	42.0
5.3408297E7	42.0
5.3569408E7	41.999772662073
5.3730519E7	0.0
5.389163E7	41.83322440634793
5.4052741E7	41.99833554974047
5.4213852E7	41.99821613719644
5.4374963E7	0.0
5.4536074E7	42.0
5.4697185E7	41.71631971036692
5.4858296E7	0.0
5.5019407E7	0.0
5.5180518E7	0.0
5.5341629E7	0.0
5.550274E7	0.0
5.5663851E7	0.0
5.5824962E7	0.0
5.5986073E7	42.0
5.6147184E7	0.0
5.6308295E7	42.0
5.6469406E7	40.19364010043412
5.6630517E7	41.999622753361535
5.6791628E7	0.0
5.6952739E7	0.0
5.711385E7	42.0
5.7274961E7	41.99164916075625
5.7436072E7	41.97278853873379
5.7597183E7	41.998520093768846
5.7758294E7	42.0
5.7919405E7	0.0
5.8080516E7	42.0
5.8241627E7	42.0
5.8402738E7	41.9931638459833
5.8563849E7	42.0
5.872496E7	41.942321289421216
5.8886071E7	42.0
5.9047182E7	41.99298090694694
5.9208293E7	42.0
5.9369404E7	42.0
5.9530515E7	42.0
5.9691626E7	42.0
5.9852737E7	42.0
6.0013848E7	41.99130460287485
6.0174959E7	0.0
6.033607E7	0.0
6.0497181E7	0.0
6.0658292E7	0.0
6.0819403E7	0.0
6.0980514E7	0.0
6.1141625E7	0.0
6.1302736E7	41.89588647386384
6.1463847E7	42.0
6.1624958E7	42.0
6.1786069E7	42.0
6.194718E7	41.848843128643296
6.2108291E7	41.57935939087428
6.2269402E7	41.86995756253128
6.2430513E7	41.957999996689395
6.2591624E7	42.0
6.2752735E7	41.04504990876733
6.2913846E7	41.87654537027403
6.3074957E7	42.0
6.3236068E7	41.83883124516706
6.3397179E7	41.66239746396473
6.355829E7	41.64641795157582
6.3719401E7	41.695969482936604
6.3880512E7	40.72030723381452
6.4041623E7	41.454991154372316
6.4202734E7	41.84873876764332
6.43637285E7	0.0
