#Position (bp)	mapping quality
80556.0	41.95612496345487
241667.0	41.85808592789692
402778.0	41.99438690367154
563889.0	41.99745558084589
725000.0	41.94582255226073
886111.0	41.996751818643205
1047222.0	41.999453921364676
1208333.0	42.0
1369444.0	41.99948632021819
1530555.0	38.81041645009876
1691666.0	36.26805758366889
1852777.0	30.219837614229874
2013888.0	42.0
2174999.0	41.980214577616564
2336110.0	41.996310460910024
2497221.0	41.823903275224815
2658332.0	41.83212308707668
2819443.0	41.99667430547643
2980554.0	41.9980741877887
3141665.0	41.98397595534564
3302776.0	41.98064705777311
3463887.0	41.9993678221473
3624998.0	41.95330531705443
3786109.0	41.973486404260555
3947220.0	41.999120613058324
4108331.0	42.0
4269442.0	42.0
4430553.0	0.0
4591664.0	0.0
4752775.0	41.99751637272149
4913886.0	41.535779798891696
5074997.0	42.0
5236108.0	42.0
5397219.0	0.0
5558330.0	41.993851986576836
5719441.0	42.0
5880552.0	41.989966052337955
6041663.0	41.99363526857522
6202774.0	42.0
6363885.0	0.0
6524996.0	0.0
6686107.0	0.0
6847218.0	42.0
7008329.0	0.0
7169440.0	41.930499247075176
7330551.0	0.0
7491662.0	0.0
7652773.0	0.0
7813884.0	42.0
7974995.0	41.99400857915514
8136106.0	42.0
8297217.0	42.0
8458328.0	0.0
8619439.0	41.99967829403925
8780550.0	41.98075717555908
8941661.0	42.0
9102772.0	0.0
9263883.0	42.0
9424994.0	41.99853720654339
9586105.0	42.0
9747216.0	0.0
9908327.0	0.0
1.0069438E7	41.999748719666876
1.0230549E7	42.0
1.039166E7	41.9880624426079
1.0552771E7	42.0
1.0713882E7	41.999811179096625
1.0874993E7	0.0
1.1036104E7	0.0
1.1197215E7	0.0
1.1358326E7	0.0
1.1519437E7	0.0
1.1680548E7	42.0
1.1841659E7	42.0
1.200277E7	42.0
1.2163881E7	0.0
1.2324992E7	0.0
1.2486103E7	0.0
1.2647214E7	0.0
1.2808325E7	0.0
1.2969436E7	42.0
1.3130547E7	42.0
1.3291658E7	41.9995141850261
1.3452769E7	42.0
1.361388E7	42.0
1.3774991E7	41.810773933659966
1.3936102E7	41.99983940841118
1.4097213E7	42.0
1.4258324E7	42.0
1.4419435E7	42.0
1.4580546E7	0.0
1.4741657E7	42.0
1.4902768E7	0.0
1.5063879E7	0.0
1.522499E7	42.0
1.5386101E7	42.0
1.5547212E7	42.0
1.5708323E7	0.0
1.5869434E7	42.0
1.6030545E7	41.992050509010774
1.6191656E7	0.0
1.6352767E7	41.99724375861325
1.6513878E7	41.999705211440606
1.6674989E7	41.995117308726776
1.68361E7	0.0
1.6997211E7	0.0
1.7158322E7	42.0
1.7319433E7	42.0
1.7480544E7	41.994995209378345
1.7641655E7	40.769768348368416
1.7802766E7	42.0
1.7963877E7	41.96603680113234
1.8124988E7	41.99546166729699
1.8286099E7	41.993311171552335
1.844721E7	41.777993339420426
1.8608321E7	41.93283169901941
1.8769432E7	42.0
1.8930543E7	0.0
1.9091654E7	0.0
1.9252765E7	42.0
1.9413876E7	42.0
1.9574987E7	41.987042813560485
1.9736098E7	41.88721940065519
1.9897209E7	41.99977981651376
2.005832E7	41.98202078645666
2.0219431E7	41.994168165124236
2.0380542E7	42.0
2.0541653E7	41.99990144916654
2.0702764E7	42.0
2.0863875E7	0.0
2.1024986E7	0.0
2.1186097E7	41.9925707428779
2.1347208E7	41.988744104872
2.1508319E7	41.985222974755914
2.166943E7	42.0
2.1830541E7	0.0
2.1991652E7	0.0
2.2152763E7	0.0
2.2313874E7	0.0
2.2474985E7	0.0
2.2636096E7	41.99952247765878
2.2797207E7	0.0
2.2958318E7	42.0
2.3119429E7	42.0
2.328054E7	41.998301451854246
2.3441651E7	41.98854331199601
2.3602762E7	41.240148617082504
2.3763873E7	27.77788302154866
2.3924984E7	41.99331742671594
2.4086095E7	0.0
2.4247206E7	0.0
2.4408317E7	42.0
2.4569428E7	41.99946085416105
2.4730539E7	42.0
2.489165E7	41.94959930198626
2.5052761E7	42.0
2.5213872E7	41.92151548072902
2.5374983E7	41.96768601465815
2.5536094E7	41.95640514652536
2.5697205E7	39.393207960988356
2.5858316E7	23.645180436847102
2.6019427E7	0.0
2.6180538E7	0.0
2.6341649E7	0.0
2.650276E7	0.0
2.6663871E7	0.0
2.6824982E7	0.0
2.6986093E7	0.0
2.7147204E7	0.0
2.7308315E7	0.0
2.7469426E7	0.0
2.7630537E7	0.0
2.7791648E7	0.0
2.7952759E7	0.0
2.811387E7	0.0
2.8274981E7	0.0
2.8436092E7	0.0
2.8597203E7	0.0
2.8758314E7	0.0
2.8919425E7	0.0
2.9080536E7	0.0
2.9241647E7	0.0
2.9402758E7	0.0
2.9563869E7	0.0
2.972498E7	0.0
2.9886091E7	0.0
3.0047202E7	0.0
3.0208313E7	42.0
3.0369424E7	42.0
3.0530535E7	0.0
3.0691646E7	0.0
3.0852757E7	0.0
3.1013868E7	0.0
3.1174979E7	0.0
3.133609E7	42.0
3.1497201E7	41.997644687229084
3.1658312E7	41.99935564539018
3.1819423E7	41.99585200324536
3.1980534E7	41.999784187799776
3.2141645E7	41.99984212336555
3.2302756E7	42.0
3.2463867E7	41.99982977999064
3.2624978E7	41.99397121595588
3.2786089E7	41.980153524411826
3.29472E7	41.99850495132193
3.3108311E7	41.970757484884345
3.3269422E7	41.974129167694244
3.3430533E7	41.99974784542925
3.3591644E7	41.996731089507726
3.3752755E7	41.98362193626329
3.3913866E7	42.0
3.4074977E7	41.999792600786144
3.4236088E7	42.0
3.4397199E7	41.99063042356583
3.455831E7	42.0
3.4719421E7	41.986256641573455
3.4880532E7	41.98548045285531
3.5041643E7	41.992640210519056
3.5202754E7	41.97283916083916
3.5363865E7	41.91365639236807
3.5524976E7	41.99533960800109
3.5686087E7	41.99441398975058
3.5847198E7	41.99627014786199
3.6008309E7	41.997563388538765
3.616942E7	42.0
3.6330531E7	42.0
3.6491642E7	42.0
3.6652753E7	41.997399646618646
3.6813864E7	41.998207836733584
3.6974975E7	41.94709221229405
3.7136086E7	41.914868651311465
3.7297197E7	42.0
3.7458308E7	41.98981156720931
3.7619419E7	42.0
3.778053E7	41.97471177218295
3.7941641E7	41.99983660512126
3.8102752E7	41.99974986525479
3.8263863E7	41.99727944515543
3.8424974E7	41.99983053172688
3.8586085E7	41.99993511679749
3.8747196E7	42.0
3.8908307E7	41.8110973967684
3.9069418E7	41.99694364851958
3.9230529E7	0.0
3.939164E7	0.0
3.9552751E7	0.0
3.9713862E7	0.0
3.9874973E7	0.0
4.0036084E7	0.0
4.0197195E7	42.0
4.0358306E7	0.0
4.0519417E7	0.0
4.0680528E7	41.994453533671305
4.0841639E7	0.0
4.100275E7	41.99931976094456
4.1163861E7	41.999883516148266
4.1324972E7	41.99983865877993
4.1486083E7	41.99993172962983
4.1647194E7	0.0
4.1808305E7	0.0
4.1969416E7	42.0
4.2130527E7	41.99982653659665
4.2291638E7	41.9994384914136
4.2452749E7	42.0
4.261386E7	42.0
4.2774971E7	41.99925912859411
4.2936082E7	42.0
4.3097193E7	0.0
4.3258304E7	42.0
4.3419415E7	42.0
4.3580526E7	41.99123299200449
4.3741637E7	41.99981391309742
4.3902748E7	42.0
4.4063859E7	42.0
4.422497E7	41.99983069226707
4.4386081E7	41.77215078737958
4.4547192E7	42.0
4.4708303E7	41.996654610229506
4.4869414E7	41.981007571007545
4.5030525E7	41.95929254555077
4.5191636E7	38.5653261668701
4.5352747E7	41.99418521026944
4.5513858E7	41.96705549955082
4.5674969E7	41.27220440570494
4.583608E7	41.975589708688226
4.5997191E7	41.99076990651174
4.6158302E7	42.0
4.6319413E7	41.997501014816315
4.6480524E7	42.0
4.6641635E7	41.97981738869364
4.6802746E7	41.80807043359323
4.6963857E7	42.0
4.7124968E7	41.98881099719133
4.7286079E7	41.9985112393251
4.744719E7	0.0
4.7608301E7	41.61851453504477
4.7769412E7	41.99682361165993
4.7930523E7	0.0
4.8091634E7	0.0
4.8252745E7	0.0
4.8413856E7	0.0
4.8574967E7	41.99970546158377
4.8736078E7	41.99993520978147
4.8897189E7	41.98338012905768
4.90583E7	41.994212327902275
4.9219411E7	41.87249630204418
4.9380522E7	42.0
4.9541633E7	41.56000100430596
4.9702744E7	41.999816646930746
4.9863855E7	41.97634439496241
5.0024966E7	41.59501437336422
5.0186077E7	41.999519298915956
5.0347188E7	41.977166728661764
5.0508299E7	42.0
5.066941E7	41.80574377936985
5.0830521E7	41.99986260455957
5.0991632E7	41.99985265277627
5.1152743E7	0.0
5.1313854E7	41.97098707032482
5.1474965E7	41.999599664480705
5.1636076E7	41.98587514362313
5.1797187E7	41.99979350017208
5.1958298E7	0.0
5.2119409E7	41.99431620128685
5.228052E7	0.0
5.2441631E7	0.0
5.2602742E7	0.0
5.2763853E7	0.0
5.2924964E7	42.0
5.3086075E7	0.0
5.3247186E7	41.999723418546765
5.3408297E7	42.0
5.3569408E7	42.0
5.3730519E7	0.0
5.389163E7	41.936655502944916
5.4052741E7	42.0
5.4213852E7	41.99986639224057
5.4374963E7	0.0
5.4536074E7	42.0
5.4697185E7	40.74768571150161
5.4858296E7	0.0
5.5019407E7	0.0
5.5180518E7	0.0
5.5341629E7	0.0
5.550274E7	0.0
5.5663851E7	0.0
5.5824962E7	0.0
5.5986073E7	42.0
5.6147184E7	0.0
5.6308295E7	42.0
5.6469406E7	39.483212012194876
5.6630517E7	41.99965024191601
5.6791628E7	0.0
5.6952739E7	0.0
5.711385E7	42.0
5.7274961E7	41.99737568061826
5.7436072E7	41.97019318428478
5.7597183E7	41.99832592797714
5.7758294E7	42.0
5.7919405E7	0.0
5.8080516E7	42.0
5.8241627E7	42.0
5.8402738E7	41.98256498374632
5.8563849E7	42.0
5.872496E7	41.90433872589144
5.8886071E7	41.993667820598446
5.9047182E7	41.99162337719414
5.9208293E7	42.0
5.9369404E7	42.0
5.9530515E7	42.0
5.9691626E7	42.0
5.9852737E7	41.997287994158754
6.0013848E7	41.99432657423848
6.0174959E7	0.0
6.033607E7	0.0
6.0497181E7	0.0
6.0658292E7	0.0
6.0819403E7	0.0
6.0980514E7	0.0
6.1141625E7	0.0
6.1302736E7	42.0
6.1463847E7	42.0
6.1624958E7	42.0
6.1786069E7	41.99926560587515
6.194718E7	41.86065581854044
6.2108291E7	41.79682200281837
6.2269402E7	41.83841997801823
6.2430513E7	41.91679683118457
6.2591624E7	41.99962836298318
6.2752735E7	41.14370165244365
6.2913846E7	41.83561886594389
6.3074957E7	42.0
6.3236068E7	41.80146835140133
6.3397179E7	41.61525676101691
6.355829E7	41.62071491566418
6.3719401E7	41.7109038715988
6.3880512E7	40.49688973838994
6.4041623E7	41.45862785530601
6.4202734E7	41.86619972682105
6.43637285E7	0.0
