#Position (bp)	insert size
80556.0	299.4327868852459
241667.0	297.6997971602434
402778.0	299.84539676030346
563889.0	300.18408181413963
725000.0	300.58840413318023
886111.0	300.34670781893004
1047222.0	300.96036988110967
1208333.0	300.03508771929825
1369444.0	300.33708631866256
1530555.0	299.9835512442008
1691666.0	300.9887218045113
1852777.0	300.3900481540931
2013888.0	300.8774395003903
2174999.0	300.9943319838057
2336110.0	297.47472094550227
2497221.0	298.36836403033584
2658332.0	297.41423439604847
2819443.0	297.83142430278883
2980554.0	296.9414990859232
3141665.0	298.35133239831697
3302776.0	295.4306961054891
3463887.0	298.55499153976314
3624998.0	300.096181987495
3786109.0	299.38711367207964
3947220.0	300.77354863514034
4108331.0	301.5814432989691
4269442.0	298.5621052631579
4430553.0	0.0
4591664.0	0.0
4752775.0	300.1436936936937
4913886.0	298.94826810616286
5074997.0	300.8598810310641
5236108.0	300.10743353228435
5397219.0	0.0
5558330.0	300.203861003861
5719441.0	299.5163636363636
5880552.0	300.0645894190198
6041663.0	300.00174908570517
6202774.0	299.64039408866995
6363885.0	0.0
6524996.0	0.0
6686107.0	0.0
6847218.0	299.7303370786517
7008329.0	0.0
7169440.0	300.7716535433071
7330551.0	0.0
7491662.0	0.0
7652773.0	0.0
7813884.0	298.8774928774929
7974995.0	300.0593959731544
8136106.0	299.90985915492956
8297217.0	301.1292517006803
8458328.0	0.0
8619439.0	300.29980145598944
8780550.0	299.35687732342006
8941661.0	298.0978723404255
9102772.0	0.0
9263883.0	299.9360146252285
9424994.0	297.6353711790393
9586105.0	299.22476379910495
9747216.0	0.0
9908327.0	0.0
1.0069438E7	297.9382292381606
1.0230549E7	301.5216554379211
1.039166E7	300.5766253869969
1.0552771E7	298.1545787545788
1.0713882E7	298.28909952606637
1.0874993E7	0.0
1.1036104E7	0.0
1.1197215E7	0.0
1.1358326E7	0.0
1.1519437E7	0.0
1.1680548E7	298.36416184971097
1.1841659E7	301.1706422018349
1.200277E7	299.5475113122172
1.2163881E7	0.0
1.2324992E7	0.0
1.2486103E7	0.0
1.2647214E7	0.0
1.2808325E7	0.0
1.2969436E7	302.34437086092714
1.3130547E7	299.72008903728437
1.3291658E7	298.2565249813572
1.3452769E7	298.86049723756906
1.361388E7	299.63527851458883
1.3774991E7	299.8099132589839
1.3936102E7	300.4248185274801
1.4097213E7	298.99236641221376
1.4258324E7	299.1619585687382
1.4419435E7	296.3795620437956
1.4580546E7	0.0
1.4741657E7	302.32191780821915
1.4902768E7	0.0
1.5063879E7	0.0
1.522499E7	299.0769230769231
1.5386101E7	302.1509433962264
1.5547212E7	298.4326241134752
1.5708323E7	0.0
1.5869434E7	299.5807600950119
1.6030545E7	299.74715261959
1.6191656E7	0.0
1.6352767E7	299.4411419632382
1.6513878E7	300.83603603603603
1.6674989E7	299.7905511811024
1.68361E7	0.0
1.6997211E7	0.0
1.7158322E7	302.07738095238096
1.7319433E7	298.2972085385878
1.7480544E7	299.36661698956783
1.7641655E7	299.36446409989594
1.7802766E7	300.52797202797206
1.7963877E7	300.6113505747126
1.8124988E7	299.6317380352645
1.8286099E7	300.5836330935252
1.844721E7	299.80472312703586
1.8608321E7	299.0784761904762
1.8769432E7	299.7069377990431
1.8930543E7	0.0
1.9091654E7	0.0
1.9252765E7	301.4413793103448
1.9413876E7	302.1185185185185
1.9574987E7	300.38269550748754
1.9736098E7	300.3003194888179
1.9897209E7	300.5070943861814
2.005832E7	299.57846952010374
2.0219431E7	299.85132050864036
2.0380542E7	299.7770320656227
2.0541653E7	300.33186558516803
2.0702764E7	300.2144275314361
2.0863875E7	0.0
2.1024986E7	0.0
2.1186097E7	301.15399422521654
2.1347208E7	300.6849087893864
2.1508319E7	300.6481223922114
2.166943E7	299.4206989247312
2.1830541E7	0.0
2.1991652E7	0.0
2.2152763E7	0.0
2.2313874E7	0.0
2.2474985E7	0.0
2.2636096E7	297.3112244897959
2.2797207E7	0.0
2.2958318E7	298.8965517241379
2.3119429E7	299.22274881516586
2.328054E7	301.0282485875706
2.3441651E7	300.1452791581409
2.3602762E7	300.3531810766721
2.3763873E7	300.19610778443115
2.3924984E7	300.741341991342
2.4086095E7	0.0
2.4247206E7	0.0
2.4408317E7	299.2043596730245
2.4569428E7	300.3360433604336
2.4730539E7	297.628762541806
2.489165E7	300.7899613899614
2.5052761E7	299.1490015360983
2.5213872E7	300.4792925901052
2.5374983E7	299.85496183206106
2.5536094E7	299.96200884725476
2.5697205E7	302.56768558951967
2.5858316E7	296.943661971831
2.6019427E7	0.0
2.6180538E7	0.0
2.6341649E7	0.0
2.650276E7	0.0
2.6663871E7	0.0
2.6824982E7	0.0
2.6986093E7	0.0
2.7147204E7	0.0
2.7308315E7	0.0
2.7469426E7	0.0
2.7630537E7	0.0
2.7791648E7	0.0
2.7952759E7	0.0
2.811387E7	0.0
2.8274981E7	0.0
2.8436092E7	0.0
2.8597203E7	0.0
2.8758314E7	0.0
2.8919425E7	0.0
2.9080536E7	0.0
2.9241647E7	0.0
2.9402758E7	0.0
2.9563869E7	0.0
2.972498E7	0.0
2.9886091E7	0.0
3.0047202E7	0.0
3.0208313E7	299.4015151515151
3.0369424E7	299.60843373493975
3.0530535E7	0.0
3.0691646E7	0.0
3.0852757E7	0.0
3.1013868E7	0.0
3.1174979E7	0.0
3.133609E7	299.20735952262555
3.1497201E7	300.4306439297531
3.1658312E7	299.123322147651
3.1819423E7	300.1435864709636
3.1980534E7	300.9969493593655
3.2141645E7	300.80400628436763
3.2302756E7	299.01634241245137
3.2463867E7	300.1152807775378
3.2624978E7	299.36619718309856
3.2786089E7	299.9058645314867
3.29472E7	300.13132911392404
3.3108311E7	300.7619610935857
3.3269422E7	299.89819136522755
3.3430533E7	300.2874074074074
3.3591644E7	299.5937114673243
3.3752755E7	299.97813121272367
3.3913866E7	300.67699836867865
3.4074977E7	300.3872919818457
3.4236088E7	300.8585192697769
3.4397199E7	300.4405318002156
3.455831E7	300.32065217391306
3.4719421E7	300.46351706036745
3.4880532E7	300.4497857275946
3.5041643E7	299.94213036565975
3.5202754E7	300.3637029799707
3.5363865E7	300.10673608851283
3.5524976E7	299.9639755548408
3.5686087E7	299.1241524785295
3.5847198E7	299.3426966292135
3.6008309E7	300.29756838905774
3.616942E7	300.96612595419845
3.6330531E7	302.4620253164557
3.6491642E7	300.1976598412035
3.6652753E7	300.53999501619734
3.6813864E7	300.5779344512195
3.6974975E7	299.81682780245626
3.7136086E7	299.8503458748102
3.7297197E7	299.66951055231254
3.7458308E7	299.43501903208266
3.7619419E7	293.1219512195122
3.778053E7	300.40084611316763
3.7941641E7	301.19243819680077
3.8102752E7	300.01582278481015
3.8263863E7	300.15982218458936
3.8424974E7	299.77593061076976
3.8586085E7	300.53834355828224
3.8747196E7	301.07115697990224
3.8908307E7	299.65106951871655
3.9069418E7	300.4105221203667
3.9230529E7	0.0
3.939164E7	0.0
3.9552751E7	0.0
3.9713862E7	0.0
3.9874973E7	0.0
4.0036084E7	0.0
4.0197195E7	301.4946996466431
4.0358306E7	0.0
4.0519417E7	0.0
4.0680528E7	299.714552238806
4.0841639E7	0.0
4.100275E7	301.4291814946619
4.1163861E7	300.42030794839786
4.1324972E7	300.1534988713318
4.1486083E7	300.2316574880085
4.1647194E7	0.0
4.1808305E7	0.0
4.1969416E7	304.0188679245283
4.2130527E7	299.98387096774195
4.2291638E7	300.9009900990099
4.2452749E7	302.4887459807074
4.261386E7	304.9746835443038
4.2774971E7	298.7715179968701
4.2936082E7	301.84709480122325
4.3097193E7	0.0
4.3258304E7	300.56028368794324
4.3419415E7	300.5106117353308
4.3580526E7	299.27089868979516
4.3741637E7	299.3642443156487
4.3902748E7	301.70183486238534
4.4063859E7	299.8519955654102
4.422497E7	300.14601386481803
4.4386081E7	299.84534764826174
4.4547192E7	299.8736681887367
4.4708303E7	300.40851412198117
4.4869414E7	301.2199371608112
4.5030525E7	299.42019458322375
4.5191636E7	298.97544260422615
4.5352747E7	300.10984212294255
4.5513858E7	300.367816091954
4.5674969E7	299.8390143737166
4.583608E7	299.68733421750665
4.5997191E7	299.94395604395606
4.6158302E7	300.7207488299532
4.6319413E7	299.49631728045324
4.6480524E7	299.88566453859545
4.6641635E7	299.95656531907787
4.6802746E7	301.11918367346937
4.6963857E7	300.83012820512823
4.7124968E7	300.9172413793103
4.7286079E7	299.7844279661017
4.744719E7	0.0
4.7608301E7	300.41365093907467
4.7769412E7	298.235
4.7930523E7	0.0
4.8091634E7	0.0
4.8252745E7	0.0
4.8413856E7	0.0
4.8574967E7	299.6051454138702
4.8736078E7	300.0108108108108
4.8897189E7	300.2235130111524
4.90583E7	299.5875033449291
4.9219411E7	299.59020203826213
4.9380522E7	297.98425196850394
4.9541633E7	300.38488170802077
4.9702744E7	300.26757532281204
4.9863855E7	300.8462401795735
5.0024966E7	300.2260141661301
5.0186077E7	300.58877284595303
5.0347188E7	297.5192878338279
5.0508299E7	300.3669486011711
5.066941E7	299.6225117625769
5.0830521E7	299.72892295280354
5.0991632E7	298.84867821330903
5.1152743E7	0.0
5.1313854E7	298.9236641221374
5.1474965E7	299.60300985988584
5.1636076E7	299.83084988962474
5.1797187E7	298.08040540540543
5.1958298E7	0.0
5.2119409E7	299.6156547917712
5.228052E7	0.0
5.2441631E7	0.0
5.2602742E7	0.0
5.2763853E7	0.0
5.2924964E7	300.05263157894734
5.3086075E7	0.0
5.3247186E7	299.3004552352049
5.3408297E7	301.4607329842932
5.3569408E7	300.32808811959086
5.3730519E7	0.0
5.389163E7	300.5853658536585
5.4052741E7	299.8451086956522
5.4213852E7	300.1290092658589
5.4374963E7	0.0
5.4536074E7	300.43345656192236
5.4697185E7	299.90796019900495
5.4858296E7	0.0
5.5019407E7	0.0
5.5180518E7	0.0
5.5341629E7	0.0
5.550274E7	0.0
5.5663851E7	0.0
5.5824962E7	0.0
5.5986073E7	298.9455252918288
5.6147184E7	0.0
5.6308295E7	300.78285714285715
5.6469406E7	300.3234913793103
5.6630517E7	299.6592664092664
5.6791628E7	0.0
5.6952739E7	0.0
5.711385E7	300.719562243502
5.7274961E7	300.8706732597946
5.7436072E7	298.62355593124823
5.7597183E7	300.4188112745098
5.7758294E7	298.8733459357278
5.7919405E7	0.0
5.8080516E7	302.0378006872852
5.8241627E7	299.9281767955801
5.8402738E7	298.5491525423729
5.8563849E7	300.9695740365112
5.872496E7	300.1711340206186
5.8886071E7	299.7313432835821
5.9047182E7	299.0227450980392
5.9208293E7	299.27259887005647
5.9369404E7	299.0652173913044
5.9530515E7	299.3829787234043
5.9691626E7	298.84935897435895
5.9852737E7	300.27562522014796
6.0013848E7	301.2010347376201
6.0174959E7	0.0
6.033607E7	0.0
6.0497181E7	0.0
6.0658292E7	0.0
6.0819403E7	0.0
6.0980514E7	0.0
6.1141625E7	0.0
6.1302736E7	303.55160142348757
6.1463847E7	300.4468085106383
6.1624958E7	300.0181818181818
6.1786069E7	297.32512315270935
6.194718E7	299.24611910810046
6.2108291E7	299.91033806957375
6.2269402E7	299.5808526878203
6.2430513E7	301.2361041562344
6.2591624E7	299.3902564102564
6.2752735E7	300.3336600666536
6.2913846E7	300.1777777777778
6.3074957E7	302.5344129554656
6.3236068E7	300.1736885928393
6.3397179E7	300.1732336956522
6.355829E7	299.75224502886465
6.3719401E7	300.30659065628475
6.3880512E7	299.9115725618292
6.4041623E7	300.23331697742884
6.4202734E7	300.73868149324863
6.43637285E7	0.0
