#Position (bp)	mapping quality
80556.0	41.979741203809446
241667.0	41.88051284247798
402778.0	41.938417704394425
563889.0	41.993090631002346
725000.0	41.582811985512016
886111.0	41.993624199451055
1047222.0	41.99878749538721
1208333.0	41.99987440379181
1369444.0	42.0
1530555.0	39.03083179825388
1691666.0	35.4856831726
1852777.0	28.090635310365993
2013888.0	42.0
2174999.0	41.97173637515843
2336110.0	41.997027939217354
2497221.0	41.8730273765583
2658332.0	41.85940491960367
2819443.0	41.98151084203744
2980554.0	41.997996509324366
3141665.0	41.993633402172314
3302776.0	41.97560822261933
3463887.0	42.0
3624998.0	41.96847397421749
3786109.0	41.93306657500162
3947220.0	41.99689278301868
4108331.0	42.0
4269442.0	42.0
4430553.0	0.0
4591664.0	0.0
4752775.0	41.99325487057283
4913886.0	41.73401875797982
5074997.0	41.999700553975146
5236108.0	42.0
5397219.0	0.0
5558330.0	41.99462911169962
5719441.0	42.0
5880552.0	41.99978470481492
6041663.0	41.99650847797732
6202774.0	42.0
6363885.0	0.0
6524996.0	0.0
6686107.0	0.0
6847218.0	42.0
7008329.0	0.0
7169440.0	42.0
7330551.0	0.0
7491662.0	0.0
7652773.0	0.0
7813884.0	42.0
7974995.0	41.999844414479824
8136106.0	42.0
8297217.0	42.0
8458328.0	0.0
8619439.0	41.994755162886534
8780550.0	41.98373212384875
8941661.0	42.0
9102772.0	0.0
9263883.0	42.0
9424994.0	41.98061910125452
9586105.0	41.69601103994167
9747216.0	0.0
9908327.0	0.0
1.0069438E7	42.0
1.0230549E7	41.99956594082327
1.039166E7	42.0
1.0552771E7	42.0
1.0713882E7	42.0
1.0874993E7	0.0
1.1036104E7	0.0
1.1197215E7	0.0
1.1358326E7	0.0
1.1519437E7	0.0
1.1680548E7	42.0
1.1841659E7	42.0
1.200277E7	42.0
1.2163881E7	0.0
1.2324992E7	0.0
1.2486103E7	0.0
1.2647214E7	0.0
1.2808325E7	0.0
1.2969436E7	42.0
1.3130547E7	42.0
1.3291658E7	42.0
1.3452769E7	42.0
1.361388E7	42.0
1.3774991E7	41.930567656323305
1.3936102E7	42.0
1.4097213E7	41.996867308122624
1.4258324E7	42.0
1.4419435E7	42.0
1.4580546E7	0.0
1.4741657E7	42.0
1.4902768E7	0.0
1.5063879E7	0.0
1.522499E7	42.0
1.5386101E7	42.0
1.5547212E7	42.0
1.5708323E7	0.0
1.5869434E7	42.0
1.6030545E7	41.96136263922895
1.6191656E7	0.0
1.6352767E7	42.0
1.6513878E7	42.0
1.6674989E7	41.99051762407884
1.68361E7	0.0
1.6997211E7	0.0
1.7158322E7	42.0
1.7319433E7	42.0
1.7480544E7	41.997220118163916
1.7641655E7	40.72623853726618
1.7802766E7	42.0
1.7963877E7	41.99883667219817
1.8124988E7	41.993971999808636
1.8286099E7	41.993032696139935
1.844721E7	41.89087325386508
1.8608321E7	41.99799120754732
1.8769432E7	42.0
1.8930543E7	0.0
1.9091654E7	0.0
1.9252765E7	42.0
1.9413876E7	42.0
1.9574987E7	41.9720803302778
1.9736098E7	41.870240982362716
1.9897209E7	41.99645855401496
2.005832E7	41.997985779013575
2.0219431E7	41.99746500231998
2.0380542E7	41.999732036902344
2.0541653E7	41.99827589003701
2.0702764E7	41.91749992260781
2.0863875E7	0.0
2.1024986E7	0.0
2.1186097E7	41.99296678760815
2.1347208E7	41.98544047929273
2.1508319E7	42.0
2.166943E7	41.99965651757894
2.1830541E7	0.0
2.1991652E7	0.0
2.2152763E7	0.0
2.2313874E7	0.0
2.2474985E7	0.0
2.2636096E7	42.0
2.2797207E7	0.0
2.2958318E7	42.0
2.3119429E7	42.0
2.328054E7	41.94167341742854
2.3441651E7	41.986804239118385
2.3602762E7	41.553278983551095
2.3763873E7	26.75626723587243
2.3924984E7	41.96157110819239
2.4086095E7	0.0
2.4247206E7	0.0
2.4408317E7	42.0
2.4569428E7	41.999395056749435
2.4730539E7	42.0
2.489165E7	41.9450555829681
2.5052761E7	41.99861905020246
2.5213872E7	41.932265863333015
2.5374983E7	41.970833527694644
2.5536094E7	41.78406291977152
2.5697205E7	39.14973143285822
2.5858316E7	24.8349491032477
2.6019427E7	0.0
2.6180538E7	0.0
2.6341649E7	0.0
2.650276E7	0.0
2.6663871E7	0.0
2.6824982E7	0.0
2.6986093E7	0.0
2.7147204E7	0.0
2.7308315E7	0.0
2.7469426E7	0.0
2.7630537E7	0.0
2.7791648E7	0.0
2.7952759E7	0.0
2.811387E7	0.0
2.8274981E7	0.0
2.8436092E7	0.0
2.8597203E7	0.0
2.8758314E7	0.0
2.8919425E7	0.0
2.9080536E7	0.0
2.9241647E7	0.0
2.9402758E7	0.0
2.9563869E7	0.0
2.972498E7	0.0
2.9886091E7	0.0
3.0047202E7	0.0
3.0208313E7	42.0
3.0369424E7	42.0
3.0530535E7	0.0
3.0691646E7	0.0
3.0852757E7	0.0
3.1013868E7	0.0
3.1174979E7	0.0
3.133609E7	41.99975272299088
3.1497201E7	41.99834711601585
3.1658312E7	41.997604907837975
3.1819423E7	41.9939877390577
3.1980534E7	41.94143117716785
3.2141645E7	41.99991970528014
3.2302756E7	41.999868208005424
3.2463867E7	42.0
3.2624978E7	42.0
3.2786089E7	41.98915361346835
3.29472E7	41.99508884139079
3.3108311E7	41.968599704032556
3.3269422E7	41.537890312308924
3.3430533E7	42.0
3.3591644E7	41.998306611700386
3.3752755E7	41.98956781642442
3.3913866E7	42.0
3.4074977E7	41.99959031784507
3.4236088E7	42.0
3.4397199E7	41.99573839197088
3.455831E7	41.98880406855924
3.4719421E7	41.9914609668995
3.4880532E7	41.97627017628117
3.5041643E7	41.99529198603289
3.5202754E7	41.981367873006626
3.5363865E7	41.94649414010171
3.5524976E7	41.99468165805164
3.5686087E7	41.98806232976785
3.5847198E7	42.0
3.6008309E7	41.996841791816934
3.616942E7	41.962722461152914
3.6330531E7	42.0
3.6491642E7	42.0
3.6652753E7	41.993914397856834
3.6813864E7	41.99807418046809
3.6974975E7	41.99740254342947
3.7136086E7	41.901304319920065
3.7297197E7	41.99985547687074
3.7458308E7	41.99415611112199
3.7619419E7	42.0
3.778053E7	41.965437824955515
3.7941641E7	41.99969240684322
3.8102752E7	42.0
3.8263863E7	41.99871686507734
3.8424974E7	41.9996764439651
3.8586085E7	41.990507076670845
3.8747196E7	41.99278330407646
3.8908307E7	41.67437033695811
3.9069418E7	41.99542253854829
3.9230529E7	0.0
3.939164E7	0.0
3.9552751E7	0.0
3.9713862E7	0.0
3.9874973E7	0.0
4.0036084E7	0.0
4.0197195E7	42.0
4.0358306E7	0.0
4.0519417E7	0.0
4.0680528E7	41.99421899015852
4.0841639E7	0.0
4.100275E7	42.0
4.1163861E7	41.989784280428026
4.1324972E7	41.99983164531327
4.1486083E7	41.999869157248064
4.1647194E7	0.0
4.1808305E7	0.0
4.1969416E7	42.0
4.2130527E7	42.0
4.2291638E7	41.999957667030024
4.2452749E7	42.0
4.261386E7	42.0
4.2774971E7	42.0
4.2936082E7	42.0
4.3097193E7	0.0
4.3258304E7	42.0
4.3419415E7	41.99964715074224
4.3580526E7	42.0
4.3741637E7	42.0
4.3902748E7	42.0
4.4063859E7	42.0
4.422497E7	41.99984017109304
4.4386081E7	41.99982342851377
4.4547192E7	41.999883765017145
4.4708303E7	41.98907049132745
4.4869414E7	41.99988168014198
4.5030525E7	41.89847982685359
4.5191636E7	38.814882032667875
4.5352747E7	41.995061521607866
4.5513858E7	42.0
4.5674969E7	41.30166922022418
4.583608E7	41.96705174302294
4.5997191E7	41.99842118950866
4.6158302E7	42.0
4.6319413E7	41.98662801968916
4.6480524E7	41.99983441619883
4.6641635E7	41.74688702324234
4.6802746E7	41.79582725947522
4.6963857E7	41.99905694269804
4.7124968E7	41.95226559853918
4.7286079E7	42.0
4.744719E7	0.0
4.7608301E7	41.66615414897924
4.7769412E7	41.990612463659836
4.7930523E7	0.0
4.8091634E7	0.0
4.8252745E7	0.0
4.8413856E7	0.0
4.8574967E7	41.99986137424334
4.8736078E7	42.0
4.8897189E7	41.99080927851902
4.90583E7	41.99510409200218
4.9219411E7	41.96147317883404
4.9380522E7	42.0
4.9541633E7	41.78089898117125
4.9702744E7	42.0
4.9863855E7	41.97544479903218
5.0024966E7	41.59912613005241
5.0186077E7	41.992472925574134
5.0347188E7	41.97855645724727
5.0508299E7	42.0
5.066941E7	41.63280994388027
5.0830521E7	41.997482610135805
5.0991632E7	41.99635927212262
5.1152743E7	0.0
5.1313854E7	41.99529456051195
5.1474965E7	42.0
5.1636076E7	41.99974095021927
5.1797187E7	42.0
5.1958298E7	0.0
5.2119409E7	41.99257089360674
5.228052E7	0.0
5.2441631E7	0.0
5.2602742E7	0.0
5.2763853E7	0.0
5.2924964E7	42.0
5.3086075E7	0.0
5.3247186E7	41.99938635965169
5.3408297E7	41.97753581661891
5.3569408E7	41.999777096092814
5.3730519E7	0.0
5.389163E7	41.61832979255186
5.4052741E7	41.991059773677044
5.4213852E7	41.99986382647602
5.4374963E7	0.0
5.4536074E7	41.99958978766628
5.4697185E7	41.81018849916488
5.4858296E7	0.0
5.5019407E7	0.0
5.5180518E7	0.0
5.5341629E7	0.0
5.550274E7	0.0
5.5663851E7	0.0
5.5824962E7	0.0
5.5986073E7	42.0
5.6147184E7	0.0
5.6308295E7	42.0
5.6469406E7	40.08573257051213
5.6630517E7	42.0
5.6791628E7	0.0
5.6952739E7	0.0
5.711385E7	42.0
5.7274961E7	41.995411526573484
5.7436072E7	41.958772405996946
5.7597183E7	41.997671803250746
5.7758294E7	42.0
5.7919405E7	0.0
5.8080516E7	42.0
5.8241627E7	42.0
5.8402738E7	41.98895430473786
5.8563849E7	42.0
5.872496E7	41.950449038676176
5.8886071E7	41.99867231593591
5.9047182E7	41.99545830507177
5.9208293E7	42.0
5.9369404E7	42.0
5.9530515E7	42.0
5.9691626E7	42.0
5.9852737E7	41.999933654529656
6.0013848E7	41.987466766276285
6.0174959E7	0.0
6.033607E7	0.0
6.0497181E7	0.0
6.0658292E7	0.0
6.0819403E7	0.0
6.0980514E7	0.0
6.1141625E7	0.0
6.1302736E7	41.837918585833435
6.1463847E7	42.0
6.1624958E7	42.0
6.1786069E7	42.0
6.194718E7	41.836640610343316
6.2108291E7	41.75162950560789
6.2269402E7	41.81478833490122
6.2430513E7	41.9610584132643
6.2591624E7	41.99938648215686
6.2752735E7	41.03033405677451
6.2913846E7	41.8311720410426
6.3074957E7	42.0
6.3236068E7	41.848058049162745
6.3397179E7	41.607859243558806
6.355829E7	41.62764356907911
6.3719401E7	41.706489393890436
6.3880512E7	40.650417100752854
6.4041623E7	41.50395038829909
6.4202734E7	41.80439632099571
6.43637285E7	0.0
