#Position (bp)	Coverage	Std
80556.0	39.81317728651929	4.801025684224629
241667.0	40.035905603011436	8.383853500011485
402778.0	39.1816547959795	11.747153081245289
563889.0	37.66373512674599	7.195000743717375
725000.0	39.61016299137105	7.149470832356234
886111.0	39.82855526216522	7.244275432201933
1047222.0	36.32556962025316	4.047657422427379
1208333.0	39.19802321572233	8.990723143525168
1369444.0	38.33988087694842	8.544415276579379
1530555.0	40.839934667211104	11.032946826349036
1691666.0	42.44576059850374	6.048859373166534
1852777.0	40.95993756503642	6.388167068005015
2013888.0	37.986327204148985	6.14574059228618
2174999.0	39.43857918105575	6.34150293372051
2336110.0	39.85980007592054	8.865543474710007
2497221.0	38.44318051246697	8.80707378561154
2658332.0	39.4545514686425	11.926242239504761
2819443.0	39.90730417792081	12.678723495793216
2980554.0	41.25572392434465	9.685148381613029
3141665.0	39.53319515945711	11.816926481775651
3302776.0	39.32990705303445	12.821673256646747
3463887.0	39.26605504587156	3.8986244434700876
3624998.0	40.21198119325551	14.769909885799809
3786109.0	40.93853439680957	13.733675767197845
3947220.0	40.97560599042767	8.257104618188391
4108331.0	40.07622149837133	5.6139061645869965
4269442.0	37.26805096743747	4.307831325533624
4430553.0	0.0	0.0
4591664.0	0.0	0.0
4752775.0	40.92559205500382	8.329326726017378
4913886.0	38.758114374034	6.967387455977731
5074997.0	41.84619625137817	6.339060421169089
5236108.0	40.427810538329844	7.336562655873173
5397219.0	0.0	0.0
5558330.0	43.20214344600165	8.436509172461411
5719441.0	44.11658841940532	3.9767761865307203
5880552.0	40.02617357210978	9.66888744758456
6041663.0	39.95579436537903	12.624979355124225
6202774.0	48.111986001749784	4.070704808128748
6363885.0	0.0	0.0
6524996.0	0.0	0.0
6686107.0	0.0	0.0
6847218.0	42.575625	4.295023378943703
7008329.0	0.0	0.0
7169440.0	46.20398009950249	1.6343678881764474
7330551.0	0.0	0.0
7491662.0	0.0	0.0
7652773.0	0.0	0.0
7813884.0	40.23749119097956	3.819943815435415
7974995.0	40.6672454617206	8.11025072005693
8136106.0	40.57671381936888	3.0867894858316656
8297217.0	43.46096654275093	1.8061298426049777
8458328.0	0.0	0.0
8619439.0	38.5680047932894	5.612850189003631
8780550.0	39.057580273675654	8.393403257370645
8941661.0	39.544021739130436	6.041454922917137
9102772.0	0.0	0.0
9263883.0	39.50468085106383	3.412795764338405
9424994.0	40.576695024490846	10.847108200671427
9586105.0	40.395669635061985	7.637641734497103
9747216.0	0.0	0.0
9908327.0	0.0	0.0
1.0069438E7	40.289760348583876	6.459978954344286
1.0230549E7	40.35748373101952	4.859369450614609
1.039166E7	39.46285307381913	6.391416811804172
1.0552771E7	42.105202973127504	6.267899680477389
1.0713882E7	40.66361372932598	10.705427228382232
1.0874993E7	0.0	0.0
1.1036104E7	0.0	0.0
1.1197215E7	0.0	0.0
1.1358326E7	0.0	0.0
1.1519437E7	0.0	0.0
1.1680548E7	35.913897280966765	2.3169147690326057
1.1841659E7	38.152330925804335	3.748729076861015
1.200277E7	39.14355231143552	3.467254605279325
1.2163881E7	0.0	0.0
1.2324992E7	0.0	0.0
1.2486103E7	0.0	0.0
1.2647214E7	0.0	0.0
1.2808325E7	0.0	0.0
1.2969436E7	42.15362731152205	2.8084372740528853
1.3130547E7	39.32680058794708	6.305521431559997
1.3291658E7	37.84823848238482	5.53965694741415
1.3452769E7	36.54019073569482	3.560565402372163
1.361388E7	39.12052320149486	5.599872003375056
1.3774991E7	39.3902729528536	9.815517494548203
1.3936102E7	42.1500227998176	8.581137198004486
1.4097213E7	34.577922077922075	1.5200186728564398
1.4258324E7	39.47256486601446	4.828744058653218
1.4419435E7	30.495652173913044	1.154843871717901
1.4580546E7	0.0	0.0
1.4741657E7	42.68769716088328	1.9042376746254241
1.4902768E7	0.0	0.0
1.5063879E7	0.0	0.0
1.522499E7	36.31055900621118	1.6271037623413198
1.5386101E7	41.333333333333336	1.5742313895127422
1.5547212E7	45.48540145985402	1.8790328639956035
1.5708323E7	0.0	0.0
1.5869434E7	40.44781553398058	4.151121429853095
1.6030545E7	35.75377407600208	3.971269038114658
1.6191656E7	0.0	0.0
1.6352767E7	39.93331668331668	8.94959675821639
1.6513878E7	41.6850136239782	6.432698333359448
1.6674989E7	40.34367007672634	5.673718308316316
1.68361E7	0.0	0.0
1.6997211E7	0.0	0.0
1.7158322E7	34.217506631299734	1.6621943873396918
1.7319433E7	32.805317324185246	2.8512290307632053
1.7480544E7	40.45584939489019	8.297004895423584
1.7641655E7	39.40256532066508	10.042543463124483
1.7802766E7	48.928994082840234	3.212211432718017
1.7963877E7	40.797107674684995	8.536442644004667
1.8124988E7	40.44655462184874	7.805520103554658
1.8286099E7	40.86626307099615	6.183712601961401
1.844721E7	39.55495117635494	11.98833725551141
1.8608321E7	40.30173391670718	7.913389073947618
1.8769432E7	40.54519230769231	4.652365630701036
1.8930543E7	0.0	0.0
1.9091654E7	0.0	0.0
1.9252765E7	42.53353204172876	2.774096895060045
1.9413876E7	36.9264705882353	1.3158159213495342
1.9574987E7	39.57132768361582	3.739350854852494
1.9736098E7	39.9942331951703	7.431570504099858
1.9897209E7	37.78548352358389	6.427338501608751
2.005832E7	40.9969262295082	11.024355717711298
2.0219431E7	41.017955401100494	8.576552661572595
2.0380542E7	38.0	5.894611258946417
2.0541653E7	39.476983902852304	10.06841830447194
2.0702764E7	40.05041756882153	5.761490479738641
2.0863875E7	0.0	0.0
2.1024986E7	0.0	0.0
2.1186097E7	40.07148231753198	7.2814389454829085
2.1347208E7	38.14759782070332	9.44965415517355
2.1508319E7	38.93253689388616	5.275570492546135
2.166943E7	40.682506159802884	5.4500817269032495
2.1830541E7	0.0	0.0
2.1991652E7	0.0	0.0
2.2152763E7	0.0	0.0
2.2313874E7	0.0	0.0
2.2474985E7	0.0	0.0
2.2636096E7	40.75838264299803	4.602217245273426
2.2797207E7	0.0	0.0
2.2958318E7	43.76371616678859	4.057398475368039
2.3119429E7	38.218598643848885	7.500207411068191
2.328054E7	42.608346709470304	2.659965008249732
2.3441651E7	40.762135922330096	9.889096461437015
2.3602762E7	39.35885328836425	5.431937325443563
2.3763873E7	38.77485380116959	5.424110123803919
2.3924984E7	38.97881040892193	5.09987822767117
2.4086095E7	0.0	0.0
2.4247206E7	0.0	0.0
2.4408317E7	36.44046953605366	3.925174224729104
2.4569428E7	34.74696132596685	3.7143189653913375
2.4730539E7	44.6953125	2.831562383116373
2.489165E7	37.01427703523694	5.3757468060921045
2.5052761E7	39.39009229610096	10.06724693899294
2.5213872E7	40.96419962503348	10.746407498684166
2.5374983E7	40.29211487219975	10.089140655479078
2.5536094E7	41.868734189075234	10.71323183709773
2.5697205E7	38.33224527861972	6.251047419851903
2.5858316E7	38.98550724637681	1.3988921618981907
2.6019427E7	0.0	0.0
2.6180538E7	0.0	0.0
2.6341649E7	0.0	0.0
2.650276E7	0.0	0.0
2.6663871E7	0.0	0.0
2.6824982E7	0.0	0.0
2.6986093E7	0.0	0.0
2.7147204E7	0.0	0.0
2.7308315E7	0.0	0.0
2.7469426E7	0.0	0.0
2.7630537E7	0.0	0.0
2.7791648E7	0.0	0.0
2.7952759E7	0.0	0.0
2.811387E7	0.0	0.0
2.8274981E7	0.0	0.0
2.8436092E7	0.0	0.0
2.8597203E7	0.0	0.0
2.8758314E7	0.0	0.0
2.8919425E7	0.0	0.0
2.9080536E7	0.0	0.0
2.9241647E7	0.0	0.0
2.9402758E7	0.0	0.0
2.9563869E7	0.0	0.0
2.972498E7	0.0	0.0
2.9886091E7	0.0	0.0
3.0047202E7	0.0	0.0
3.0208313E7	38.47632711621234	2.546175290307298
3.0369424E7	44.10625	1.9708604604799949
3.0530535E7	0.0	0.0
3.0691646E7	0.0	0.0
3.0852757E7	0.0	0.0
3.1013868E7	0.0	0.0
3.1174979E7	0.0	0.0
3.133609E7	41.16875871687587	6.742641069737902
3.1497201E7	40.527760185771584	9.752467030435593
3.1658312E7	40.61147587781901	6.078997589451717
3.1819423E7	41.32375007502551	12.840317427426399
3.1980534E7	39.28786439687295	11.18573892309727
3.2141645E7	40.72954632100648	11.40261298002024
3.2302756E7	41.475254058334436	9.022392159417448
3.2463867E7	40.17029511369134	10.883643674029443
3.2624978E7	36.49636803874092	5.331602555613528
3.2786089E7	38.9820274318146	10.68744268696651
3.29472E7	39.03063124048062	12.495152277330444
3.3108311E7	39.38459069020867	13.042095322884556
3.3269422E7	38.724527011625256	8.984186441228987
3.3430533E7	41.48720620585851	9.531088255758855
3.3591644E7	41.63871919106804	10.076686426482746
3.3752755E7	41.423443153685014	10.49750312504809
3.3913866E7	44.12451361867704	3.9629720391216825
3.4074977E7	39.58773991382687	7.074900513701273
3.4236088E7	41.45533642691415	7.434273578056945
3.4397199E7	40.17814371257485	7.814123731866359
3.455831E7	39.10864223907702	9.314063550825368
3.4719421E7	41.476603119584055	11.074287542736243
3.4880532E7	40.318046810027326	12.604736216566542
3.5041643E7	39.62224797219003	13.511579696888502
3.5202754E7	41.2455268389662	10.753203167729504
3.5363865E7	40.94032605352199	10.000629670265209
3.5524976E7	39.97849041845913	13.545096261661552
3.5686087E7	41.312761836118746	14.679693844721914
3.5847198E7	41.31247532570075	7.349575217199964
3.6008309E7	41.63009214354995	9.349858137217993
3.616942E7	41.70984678946462	10.912790979302033
3.6330531E7	35.6875	1.7093398447117258
3.6491642E7	41.79220590373709	8.686775103373765
3.6652753E7	38.690759009462454	9.502083411822584
3.6813864E7	40.111613256642016	11.880378960152346
3.6974975E7	40.7204347826087	9.615664571183876
3.7136086E7	39.493998604326585	11.58373825025148
3.7297197E7	40.46460827557236	6.9631684467442225
3.7458308E7	41.44009555310548	7.628104757972875
3.7619419E7	43.16086956521739	1.6354347043431965
3.778053E7	41.0	6.95116399672998
3.7941641E7	38.349404851589576	7.844812717972285
3.8102752E7	37.81230322111892	8.653912764245815
3.8263863E7	40.957455596860804	10.98591853207475
3.8424974E7	40.98488988908536	8.083884835518559
3.8586085E7	40.15701572595392	12.326373965229447
3.8747196E7	39.008568368439846	7.3257950335769895
3.8908307E7	39.29435232514649	8.828527074514842
3.9069418E7	39.982631189948265	7.346253371497168
3.9230529E7	0.0	0.0
3.939164E7	0.0	0.0
3.9552751E7	0.0	0.0
3.9713862E7	0.0	0.0
3.9874973E7	0.0	0.0
4.0036084E7	0.0	0.0
4.0197195E7	40.875621890547265	2.0481416631507647
4.0358306E7	0.0	0.0
4.0519417E7	0.0	0.0
4.0680528E7	39.61648418491484	5.722411641715224
4.0841639E7	0.0	0.0
4.100275E7	41.62587763289869	5.788576592805152
4.1163861E7	39.3104373643942	12.500542285162794
4.1324972E7	39.562398081534774	9.969423059065054
4.1486083E7	40.947328341160045	12.320842022366092
4.1647194E7	0.0	0.0
4.1808305E7	0.0	0.0
4.1969416E7	45.54391891891892	1.9586583790323286
4.2130527E7	39.765581717451525	7.54092228263657
4.2291638E7	36.78456735057984	4.393492782457101
4.2452749E7	45.61916461916462	3.273873875169498
4.261386E7	44.71052631578947	2.502944371615231
4.2774971E7	44.184647302904565	4.216882062908429
4.2936082E7	41.00317965023847	2.5753427133691376
4.3097193E7	0.0	0.0
4.3258304E7	36.59310344827586	1.5644504262553156
4.3419415E7	42.01977874622863	5.842833697179856
4.3580526E7	38.80306076129953	11.784427593452877
4.3741637E7	40.16792792792793	7.457691637736288
4.3902748E7	40.854096520763186	3.094788119059426
4.4063859E7	39.829139352928735	6.8794945347322125
4.422497E7	39.08211099349766	7.949510858720323
4.4386081E7	40.734352803543075	10.825143725532659
4.4547192E7	40.408404686795855	9.377381331961558
4.4708303E7	40.246079779917466	8.563830609994923
4.4869414E7	39.9325681492109	9.444833698354614
4.5030525E7	41.08860023264831	10.343298546229384
4.5191636E7	40.319289194611635	8.435977966556315
4.5352747E7	40.540101689355424	13.264843525756701
4.5513858E7	41.28732433560595	8.757775055919481
4.5674969E7	38.76824512534819	7.10190486526036
4.583608E7	39.31935061006353	15.633145852262203
4.5997191E7	39.9095011359039	16.621980841545994
4.6158302E7	38.917090340242474	8.539761238991444
4.6319413E7	40.712182192991065	10.206827606011974
4.6480524E7	40.97520259319287	8.09473632825491
4.6641635E7	39.66908935442497	8.331744132428005
4.6802746E7	41.63622139644045	7.472120680954636
4.6963857E7	39.479835390946505	3.453526526145409
4.7124968E7	37.693799588598296	5.559843703574831
4.7286079E7	41.18605388272583	9.932754268150065
4.744719E7	0.0	0.0
4.7608301E7	40.7311271975181	11.591896853854202
4.7769412E7	39.92908262849707	3.9613718185067888
4.7930523E7	0.0	0.0
4.8091634E7	0.0	0.0
4.8252745E7	0.0	0.0
4.8413856E7	0.0	0.0
4.8574967E7	39.66577577718385	8.3752315107272
4.8736078E7	40.786466165413536	7.416575099784881
4.8897189E7	40.8014705882353	7.421279054894031
4.90583E7	39.61760780523724	13.864150376611136
4.9219411E7	40.09318235432885	12.517484342597847
4.9380522E7	40.446606334841626	4.769902749819903
4.9541633E7	39.14747191011236	6.356699284877539
4.9702744E7	39.25757575757576	5.551429875972848
4.9863855E7	39.53207795051456	9.302498312428833
5.0024966E7	41.9383979103178	7.083871928846857
5.0186077E7	38.399852543622515	6.1668023922004735
5.0347188E7	41.554140127388536	3.1894243532528805
5.0508299E7	40.233574818885835	6.40188722089634
5.066941E7	40.08411920030177	8.964293974105477
5.0830521E7	38.70611667951683	8.587101061889667
5.0991632E7	38.245779130916134	8.115609984643491
5.1152743E7	0.0	0.0
5.1313854E7	36.17578125	1.44678623476201
5.1474965E7	40.7291192103265	7.394936976490804
5.1636076E7	40.28267363704257	8.903953646453937
5.1797187E7	36.95685428515395	6.628333796706219
5.1958298E7	0.0	0.0
5.2119409E7	40.3949263502455	7.972363365188849
5.228052E7	0.0	0.0
5.2441631E7	0.0	0.0
5.2602742E7	0.0	0.0
5.2763853E7	0.0	0.0
5.2924964E7	39.079166666666666	1.5214206869581055
5.3086075E7	0.0	0.0
5.3247186E7	40.7308352402746	6.052578455028895
5.3408297E7	35.995049504950494	1.2818721877210009
5.3569408E7	38.54098707900869	6.6319539422100355
5.3730519E7	0.0	0.0
5.389163E7	44.58719512195122	4.525494179919038
5.4052741E7	38.32087761398697	5.204655812823754
5.4213852E7	39.991279069767444	8.922362320888256
5.4374963E7	0.0	0.0
5.4536074E7	40.8301030927835	5.091869714665635
5.4697185E7	41.48284625158831	2.9271760627466596
5.4858296E7	0.0	0.0
5.5019407E7	0.0	0.0
5.5180518E7	0.0	0.0
5.5341629E7	0.0	0.0
5.550274E7	0.0	0.0
5.5663851E7	0.0	0.0
5.5824962E7	0.0	0.0
5.5986073E7	41.80928689883914	3.6663569668535354
5.6147184E7	0.0	0.0
5.6308295E7	37.20793849454675	6.997219642956851
5.6469406E7	40.787353149885675	11.18231608987719
5.6630517E7	41.59708232025009	5.608660818528245
5.6791628E7	0.0	0.0
5.6952739E7	0.0	0.0
5.711385E7	37.48220858895706	3.790955877215872
5.7274961E7	40.5172981878089	8.657047595176651
5.7436072E7	41.10954458990713	9.576839796806507
5.7597183E7	37.80229464582641	10.22501616391794
5.7758294E7	39.585211902614965	3.3237912552808715
5.7919405E7	0.0	0.0
5.8080516E7	45.05354200988468	3.940116795443782
5.8241627E7	41.5072217502124	5.057076269533231
5.8402738E7	39.69828150572832	10.658301947936152
5.8563849E7	45.40011580775912	4.742052479171332
5.872496E7	39.777954847277556	10.48535221129477
5.8886071E7	40.17359778204308	9.57805817693892
5.9047182E7	37.84494909945184	10.049254286539142
5.9208293E7	40.35881486331642	7.874696798141179
5.9369404E7	39.509574468085106	6.126281852147456
5.9530515E7	38.92503987240829	2.4385235706082207
5.9691626E7	39.47034193998604	3.7391832024812515
5.9852737E7	38.0779053269702	11.607934318124352
6.0013848E7	38.914063199355475	10.151686425442252
6.0174959E7	0.0	0.0
6.033607E7	0.0	0.0
6.0497181E7	0.0	0.0
6.0658292E7	0.0	0.0
6.0819403E7	0.0	0.0
6.0980514E7	0.0	0.0
6.1141625E7	0.0	0.0
6.1302736E7	40.81722319859402	2.434600572958168
6.1463847E7	39.12015503875969	1.574627592414956
6.1624958E7	35.86746987951807	1.4124942465894412
6.1786069E7	40.48408488063661	3.9556996545412497
6.194718E7	39.12541654044229	9.65351603590261
6.2108291E7	41.34667951638339	10.93446217911637
6.2269402E7	39.346401568188185	16.99356058124211
6.2430513E7	40.052424817122734	11.87236422880471
6.2591624E7	39.51944747364595	7.299935724282999
6.2752735E7	40.40578770554606	12.666184751540728
6.2913846E7	39.69065708891652	13.857372643116397
6.3074957E7	40.177105831533474	3.074146862349913
6.3236068E7	39.96306687751875	13.50734702884077
6.3397179E7	38.625764067409314	12.27875223268049
6.355829E7	40.00892214131392	14.78408805787282
6.3719401E7	39.82727809486322	14.88318436702578
6.3880512E7	41.154577227297814	12.639888524355168
6.4041623E7	40.16915583252749	15.83004699908914
6.4202734E7	41.10775283055076	10.45368251496945
6.43637285E7	0.0	0.0
